Name,Rating,Rating_Extremeness,Helpfulness,Helpfulness_Negative,Helpfulness_Positive,Verification,Amount_of_positive_attributes,Amount_of_negative_attributes,Amount_of_neutral_attributes,Total_amount_of_attributes,Total_amount_of_valent_attributes,Date_of_Review
sv2fpm,5,2,0,0,0,1,4,0,0,4,4,2024-03-01
Pavlos Vid,1,2,1,0,1,1,3,1,1,5,4,2023-09-13
Panos_Paso,2,1,4,0,4,1,2,2,3,7,4,2023-02-20
Dimitris_Thomas8002,3,0,1,0,1,1,2,1,5,8,3,2023-02-14
nickol007,3,0,4,2,6,1,2,4,2,8,6,2022-12-27
gpeters,4,1,1,0,1,0,2,3,2,7,5,2023-11-29
Tatiana_Rapakoulia,3,0,3,1,4,1,1,2,5,8,3,2023-05-23
Negroponte.,5,2,9,0,9,1,0,0,0,0,0,2022-08-30
arGy13_NO1,5,2,-18,24,6,0,8,0,0,8,8,2022-05-21
Panagiotis_V7935,5,2,0,0,0,1,3,4,1,8,7,2023-02-14
dxenio,5,2,0,0,0,1,3,2,3,8,5,2022-10-01
vassiliou_n,4,1,1,0,1,1,4,0,2,6,4,2022-05-31
Dimitris_Saramaskos,2,1,4,1,5,0,1,5,2,8,6,2021-04-17
Lara_Rosa,5,2,2,1,3,1,5,2,1,8,7,2021-04-16
Manos_Play,5,2,4,1,5,1,5,0,1,6,5,2021-03-09
Stelios_karakatsanis,4,1,-1,2,1,0,4,0,4,8,4,2021-02-19
jen_kouts,5,2,3,1,4,1,8,0,0,8,8,2021-02-14
damiano1127,1,2,4,1,5,1,3,5,0,8,8,2020-10-31
Θεοδωρου Χρηστος,4,1,-14,17,3,0,5,0,3,8,5,2020-09-27
Chrestostheodorou9811@gmailcom,5,2,-19,21,2,0,8,0,0,8,8,2020-09-05
petros_theod7,5,2,-24,28,4,0,7,0,1,8,7,2020-07-14
Runner_8,2,1,0,0,0,1,3,4,1,8,7,2023-12-06
Xristos2024,5,2,1,0,1,0,3,3,2,8,6,2023-12-05
Kostas_Koulas,3,0,0,1,1,1,3,3,2,8,6,2023-10-24
sgrimanis,1,2,-2,3,1,1,0,7,1,8,7,2023-09-12
paris13,5,2,14,0,14,1,5,0,3,8,5,2023-07-18
skills_bike,3,0,-2,2,0,0,0,3,5,8,3,2022-07-16
www_melipantelakos,4,1,0,0,0,0,6,0,2,8,6,2022-06-11
Panagiota_Tsirikou,4,1,2,0,2,0,3,1,3,7,4,2022-05-09
Minecraft_Friends,4,1,12,1,13,1,4,1,3,8,5,2021-07-03
aktimon1961,5,2,7,1,8,0,8,0,0,8,8,2021-02-03
marinosram,4,1,9,0,9,0,8,0,0,8,8,2020-12-26
Κίτσος Ασπρέας,2,1,1,0,1,0,1,3,4,8,4,2023-10-23
Jason_Tremb6415,3,0,1,0,1,0,1,1,2,4,2,2023-09-06
z,4,1,4,0,4,0,4,0,4,8,4,2023-08-10
Mr Sun0065,4,1,3,0,3,0,6,0,2,8,6,2023-07-11
Vagelis_Kappas,4,1,6,0,6,1,3,0,3,6,3,2023-02-14
xristos_pip6437,5,2,5,0,5,0,6,0,1,7,6,2022-12-25
georg.kallinis,4,1,6,0,6,1,5,0,3,8,5,2022-12-09
Alexiath,5,2,1,0,1,1,5,0,0,5,5,2024-01-31
vangokrik,3,0,4,2,6,1,3,2,3,8,5,2024-01-02
Sim77,5,2,17,1,18,1,5,0,1,6,5,2022-12-28
Bskotos,4,1,1,0,1,1,3,3,2,8,6,2024-01-23
service1967,1,2,0,0,0,1,0,8,0,8,8,2023-11-13
Fani_K,3,0,0,0,0,0,0,0,0,0,0,2023-09-25
tomi_grig27,4,1,0,0,0,1,0,0,5,5,0,2023-08-29
ΑΝΔΡΙΩΤΗΣΠ,3,0,-1,3,2,1,3,0,5,8,3,2022-06-28
Athina_AAA,5,2,1,0,1,0,5,0,3,8,5,2023-02-12
Rafahl_Georgoulas,1,2,-2,5,3,0,2,1,5,8,3,2022-11-28
Evanggelia_Pitsaki9529,4,1,0,1,1,0,7,0,0,7,7,2022-10-10
Giwta1008,4,1,1,0,1,0,8,0,0,8,8,2022-09-15
Dimitris_Kendro,5,2,7,0,7,0,8,0,0,8,8,2022-04-16
Noa_Frometa,1,2,-9,10,1,0,1,3,4,8,4,2022-03-18
Lef de art,5,2,2,0,2,0,7,0,1,8,7,2022-01-28
Spiros_Spingos,5,2,0,0,0,1,8,0,0,8,8,2022-01-11
KaterinaGxm,4,1,1,0,1,1,8,0,0,8,8,2021-11-23
anastasios.tzebelikos,5,2,1,2,3,1,7,0,1,8,7,2021-08-06
Dimitris dimitrakopoulos,5,2,2,0,2,0,6,0,2,8,6,2021-04-30
kimithessal,5,2,4,2,6,0,8,0,0,8,8,2021-03-24
HOULA_MAN,5,2,6,1,7,0,8,0,0,8,8,2021-03-10
Manos_Kritikos5270,5,2,6,1,7,0,8,0,0,8,8,2021-03-06
Little_Dreams,5,2,12,1,13,0,7,0,1,8,7,2021-02-14
jkls,5,2,10,1,11,0,8,0,0,8,8,2021-01-31
agerop03,5,2,15,0,15,1,8,0,0,8,8,2021-01-23
mpats35,4,1,10,1,11,0,8,0,0,8,8,2021-01-21
Panos_P_,4,1,6,3,9,0,7,0,1,8,7,2021-01-20
Gemini_Volans,5,2,32,2,34,0,8,0,0,8,8,2021-01-19
Zacharias_Govesis,5,2,8,2,10,0,6,2,0,8,8,2021-01-01
Anastasia_leon,5,2,15,1,16,0,8,0,0,8,8,2020-12-23
GAVRIELLA_VIENNA,5,2,9,2,11,0,7,0,1,8,7,2020-10-14
Tasos_Kagiar,2,1,-21,27,6,0,4,3,1,8,7,2020-09-06
Giorgios richard,1,2,-30,47,17,0,0,5,1,6,5,2020-08-17
Pavlos_Smartphones,1,2,0,28,28,0,3,3,2,8,6,2020-08-11
Steλλa,5,2,3,2,5,1,7,0,1,8,7,2024-02-01
tsit72,5,2,5,5,10,0,8,0,0,8,8,2024-01-28
alexandros.papanastasiou,5,2,7,1,8,0,7,0,1,8,7,2024-01-17
CHRIS LIZEKAS,5,2,7,3,10,0,7,0,1,8,7,2023-11-28
Aris_Gioulos6832,5,2,11,2,13,0,7,0,1,8,7,2023-09-30
Erina_sa,5,2,9,1,10,0,7,0,1,8,7,2023-09-28
Evelina_Vasileiou1181,5,2,26,1,27,0,8,0,0,8,8,2023-09-23
Nikos_Giachnaki,3,0,-32,39,7,0,1,3,4,8,4,2023-09-20
Ippo_Soum,5,2,8,4,12,0,8,0,0,8,8,2023-08-22
Stelina_Malliari,5,2,3,4,7,0,7,0,1,8,7,2023-08-11
nikosliv3,5,2,9,3,12,0,8,0,0,8,8,2023-08-03
Konstantinos Zoropoulos,4,1,4,3,7,0,5,0,3,8,5,2023-08-02
Bong_Da_PIPA,2,1,-4,21,17,0,0,0,0,0,0,2023-07-18
PANAGIOTA_MPOUKA,2,1,-19,28,9,0,3,1,4,8,4,2023-07-12
Kl_Mp,3,0,-15,24,9,0,0,0,0,0,0,2023-07-11
andrew_cage,2,1,-17,24,7,0,6,1,1,8,7,2023-07-05
fix_it_Swt_o_michanikos_Kotsov,5,2,5,7,12,0,8,0,0,8,8,2023-06-12
Pessoa,5,2,0,0,0,1,8,0,0,8,8,2023-05-23
demis_kal,5,2,5,2,7,1,7,1,0,8,8,2023-05-13
ser2,4,1,0,6,6,0,4,0,4,8,4,2023-05-04
kingracer123,4,1,6,4,10,0,6,0,2,8,6,2023-04-25
Mar_Eve,5,2,15,3,18,0,8,0,0,8,8,2023-04-24
Mitsakos_Gamer,5,2,4,2,6,0,5,0,3,8,5,2023-04-17
George_Stasinopoulos7812,5,2,1,1,2,0,8,0,0,8,8,2024-01-20
Nikos_mistirio,5,2,1,0,1,0,8,0,0,8,8,2024-01-18
ioanna.ele,5,2,0,0,0,0,7,0,1,8,7,2024-01-17
Panagiotis Bou,5,2,0,0,0,0,8,0,0,8,8,2024-01-13
xatzitakis_t,5,2,8,4,12,0,8,0,0,8,8,2023-03-13
Kostas_Tourlos,5,2,6,1,7,0,6,0,2,8,6,2023-03-09
Niki_CHrysostomidou,5,2,1,5,6,0,7,1,0,8,8,2023-01-29
Martinkpn_,5,2,3,1,4,0,8,0,0,8,8,2022-12-24
Giorgos_Mitropoulos,5,2,3,5,8,0,8,0,0,8,8,2022-09-13
edi_fwtias,5,2,5,3,8,0,7,0,1,8,7,2022-06-09
Achilleas_Giannopoulos,5,2,14,1,15,0,8,0,0,8,8,2022-05-01
Thodpap67,5,2,13,2,15,0,8,0,0,8,8,2022-02-14
Emanuela_L_,5,2,10,2,12,0,6,0,2,8,6,2022-01-29
denisala65,3,0,-24,35,11,0,6,0,2,8,6,2021-11-01
Vasileios_Karavasilas,5,2,12,3,15,0,7,0,1,8,7,2021-10-30
ana_drouga97,5,2,9,0,9,0,8,0,0,8,8,2021-10-13
Ε_Κ@ti,5,2,4,2,6,0,8,0,0,8,8,2021-10-13
Zeno,5,2,14,1,15,1,8,0,0,8,8,2021-08-07
Anastasios_Katsirntis,5,2,16,3,19,0,8,0,0,8,8,2021-07-17
ariskark,5,2,16,5,21,0,7,0,1,8,7,2021-05-02
dimopoulos95,5,2,3,10,13,0,7,0,1,8,7,2021-04-26
mariianna_tsakiridh,5,2,0,7,7,0,6,0,2,8,6,2021-04-22
Georgethgr,5,2,14,3,17,0,8,0,0,8,8,2021-04-17
KOSTAS_PLIAKOS5634,5,2,4,3,7,0,8,0,0,8,8,2021-03-29
bilkar23,5,2,-2,10,8,0,8,0,0,8,8,2021-03-28
Kostas_Markopoulos76,4,1,-5,15,10,0,5,0,3,8,5,2021-03-25
danielrodos19,5,2,9,1,10,0,8,0,0,8,8,2022-02-04
Dinos_mamelias,5,2,0,0,0,0,8,0,0,8,8,2024-02-17
George bro,5,2,1,0,1,0,8,0,0,8,8,2024-01-24
Antonis.FOTIS,5,2,3,1,4,0,8,0,0,8,8,2023-09-26
mihaelacat4,5,2,7,1,8,0,8,0,0,8,8,2023-01-27
pavlos_kotsidis83,5,2,10,1,11,0,8,0,0,8,8,2022-10-22
Xrisostomos_Gakis,4,1,7,1,8,0,8,0,0,8,8,2022-09-18
activea,5,2,6,0,6,0,8,0,0,8,8,2022-09-05
mihaela_mihaliou,5,2,5,2,7,0,8,0,0,8,8,2022-07-06
mitsos1234,5,2,12,1,13,0,8,0,0,8,8,2022-06-07
Konst_Oik,5,2,9,0,9,0,7,0,1,8,7,2022-06-01
Hlias_j,5,2,6,1,7,0,6,0,1,7,6,2022-04-11
stelios_harper,5,2,6,1,7,0,8,0,0,8,8,2021-12-08
Blitzgrabmygf,4,1,0,9,9,1,5,0,3,8,5,2021-11-30
Pauloss_Mecani,5,2,6,2,8,0,7,0,1,8,7,2021-11-27
D. Stavrou,5,2,12,2,14,0,8,0,0,8,8,2021-09-25
naf_gt,5,2,5,5,10,0,8,0,0,8,8,2021-06-13
Athanasia_Paschalidou,4,1,1,7,8,0,6,0,2,8,6,2021-06-08
AdamantiosXRV,5,2,3,18,21,0,8,0,0,8,8,2021-04-02
Magdalena_Ragussi,4,1,9,3,12,0,7,0,1,8,7,2021-03-26
frxkss,5,2,18,3,21,0,8,0,0,8,8,2021-02-26
Kostas_Kalafatas,5,2,8,5,13,0,8,0,0,8,8,2021-01-17
Vagelis_Gaganis,5,2,3,7,10,0,8,0,0,8,8,2020-12-20
ENKI2,5,2,8,4,12,0,8,0,0,8,8,2020-12-10
Antonis_Maragos6366,5,2,12,5,17,0,8,0,0,8,8,2020-12-06
Αλέξανδρος Σπεης,5,2,1,0,1,1,7,0,1,8,7,2024-01-17
Tsakalis_George,3,0,-8,8,0,0,4,0,4,8,4,2023-12-10
Antreas___THeofanis_Margaritis,4,1,2,0,2,0,6,0,1,7,6,2023-12-09
zzzmallzz_iZ,3,0,-6,14,8,0,5,3,0,8,8,2023-11-02
antonisgeo285,5,2,21,1,22,0,8,0,0,8,8,2023-09-16
party.man1,5,2,8,1,9,1,8,0,0,8,8,2023-08-30
nikosvsl,5,2,5,1,6,1,8,0,0,8,8,2023-07-11
SARANTIS_PANTOUDIS,5,2,2,2,4,1,7,0,1,8,7,2023-07-04
danaikn.09,5,2,-1,5,4,1,7,0,1,8,7,2023-06-07
Natalia_Vr,5,2,9,0,9,1,7,0,1,8,7,2023-05-16
Ta_papakia_sthn_seira,4,1,3,7,10,0,6,0,2,8,6,2023-05-01
gio__23,5,2,5,5,10,0,8,0,0,8,8,2023-03-07
Andreas_Tsvetkov,5,2,10,7,17,0,8,0,0,8,8,2023-02-24
Panagiotis_Spyropalis,5,2,16,2,18,0,7,0,1,8,7,2022-12-31
Vasiliki_Tzintzoglou,4,1,5,1,6,0,7,0,1,8,7,2022-12-19
aggeloskoystaskom6,4,1,3,6,9,1,4,0,4,8,4,2022-11-22
Cate_Rina,5,2,0,16,16,0,8,0,0,8,8,2022-10-28
enakopoulou,4,1,-20,24,4,1,7,0,1,8,7,2022-10-18
Spyridon_Spyros,5,2,10,1,11,0,8,0,0,8,8,2022-09-21
paca_p1z,5,2,2,5,7,0,7,0,1,8,7,2022-09-07
Grigoris_Karaiskos,4,1,16,5,21,0,5,1,2,8,6,2022-09-04
Antonis_Takashi,4,1,1,7,8,1,6,1,1,8,7,2022-08-29
Raffaelos,5,2,5,1,6,1,8,0,0,8,8,2022-08-24
Michalis_Ntais,3,0,10,5,15,0,6,1,1,8,7,2022-08-21
nikoscar,5,2,7,4,11,1,6,0,2,8,6,2022-07-18
basilisnikolaou5c,4,1,8,2,10,0,8,0,0,8,8,2022-06-13
Αλέξανδρος Σπεης,5,2,2,0,2,1,7,0,1,8,7,2024-01-17
Tsakalis_George,3,0,-7,8,1,0,4,0,4,8,4,2023-12-10
antonisgeo285,5,2,22,1,23,0,8,0,0,8,8,2023-09-16
Tsakalis_George,3,0,-7,7,0,0,4,0,4,8,4,2023-12-10
zzzmallzz_iZ,3,0,-5,13,8,0,5,3,0,8,8,2023-11-02
Natalia_Vr,5,2,8,0,8,1,7,0,1,8,7,2023-05-16
Nikos_mistirio,5,2,1,0,1,0,7,0,1,8,7,2024-01-27
dhmosp,3,0,-6,6,0,0,4,1,3,8,5,2023-12-22
Ta_papakia_sthn_seira,4,1,1,0,1,0,7,0,1,8,7,2023-10-14
stergios_plexidas,4,1,3,0,3,0,7,1,0,8,8,2023-09-13
N0s,3,0,-1,1,0,0,4,0,4,8,4,2023-08-28
Chryselia_Anastasopoulou,4,1,5,0,5,0,7,1,0,8,8,2023-07-17
Tsiftsis_Konstantinos,4,1,2,4,6,0,6,1,0,7,7,2023-05-27
Larry2,3,0,3,3,6,0,6,1,1,8,7,2023-04-07
dimihas,3,0,-16,19,3,0,6,0,2,8,6,2023-03-25
Vasilis_Stefanatos,4,1,6,0,6,0,5,1,2,8,6,2022-11-23
Cilio,5,2,7,0,7,1,7,0,1,8,7,2022-11-21
Petros_Aronis82,4,1,0,4,4,0,7,0,1,8,7,2022-10-27
georgekoliopoulos64,3,0,5,7,12,0,4,1,3,8,5,2022-09-15
kechrimparis,5,2,5,0,5,0,6,0,2,8,6,2022-09-14
Zurab_M,4,1,5,0,5,0,7,0,1,8,7,2022-09-09
Stratos_Frag,3,0,4,3,7,1,6,0,2,8,6,2022-08-18
greek_gamers74,4,1,5,1,6,0,5,0,3,8,5,2022-08-09
marsi_konstandinidou,5,2,2,2,4,0,7,0,1,8,7,2022-05-22
tzouanaki29,2,1,-29,40,11,0,2,4,2,8,6,2022-05-08
Mxrkellos_Psar,5,2,1,4,5,0,6,0,2,8,6,2022-04-30
DK85,5,2,16,0,16,0,7,0,1,8,7,2022-03-14
johnkokos,5,2,17,2,19,1,8,0,0,8,8,2022-02-01
dimitris737,5,2,8,10,18,1,6,0,2,8,6,2022-01-18
theokan2003,4,1,10,0,10,0,7,0,1,8,7,2022-01-06
georgeako2002,5,2,6,0,6,0,8,0,0,8,8,2023-09-13
dimitrisk-11,5,2,6,0,6,0,7,0,1,8,7,2023-07-01
autokrikri,5,2,9,6,15,0,7,0,1,8,7,2022-09-16
Bill_Bar910,4,1,-26,34,8,0,4,0,4,8,4,2022-04-14
Panagiotis Argyropoulos,5,2,-1,9,8,1,8,0,0,8,8,2022-02-06
John_Plev,5,2,-15,32,17,1,6,0,2,8,6,2021-12-19
Easychris,5,2,-10,16,6,0,4,0,2,6,4,2021-10-16
Nick_Panic,5,2,-5,14,9,0,8,0,0,8,8,2021-09-30
Christos Tountas,5,2,-14,25,11,0,8,0,0,8,8,2021-07-30
Darth_,5,2,8,6,14,0,8,0,0,8,8,2021-07-22
iliaskos4,5,2,-1,17,16,0,7,0,1,8,7,2021-06-07
Ninjapilgrim,5,2,2,13,15,1,8,0,0,8,8,2021-06-01
kielly.xiradaki,5,2,-10,25,15,0,8,0,0,8,8,2021-05-21
mario_kopaci,5,2,-15,23,8,0,8,0,0,8,8,2021-04-22
MrArkatus,5,2,22,14,36,0,8,0,0,8,8,2021-03-26
Friday50,5,2,7,15,22,0,8,0,0,8,8,2021-02-13
mike95154,5,2,-8,17,9,0,8,0,0,8,8,2021-02-12
Yiakou,5,2,3,17,20,1,8,0,0,8,8,2021-02-03
1989leuteris,5,2,-8,26,18,0,6,0,2,8,6,2021-02-02
Chrys V,5,2,-9,24,15,0,8,0,0,8,8,2021-01-05
hotsugar1980a,5,2,-19,34,15,1,8,0,0,8,8,2021-01-03
D__Apostolidis,5,2,11,21,32,0,8,0,0,8,8,2020-12-24
GeorgePlat,5,2,-16,28,12,0,8,0,0,8,8,2020-12-10
Mixalhs_g,5,2,3,3,6,0,5,0,0,5,5,2023-06-18
elsaoui_karim,5,2,3,1,4,0,5,0,2,7,5,2023-06-09
Restalious,5,2,2,2,4,0,8,0,0,8,8,2023-04-24
Kostas_Sidiropoulos,5,2,1,2,3,0,7,0,1,8,7,2023-03-01
Ioanna_Andreadaki6716,5,2,6,2,8,0,8,0,0,8,8,2023-02-18
Maritina_Achladioti4263,5,2,3,3,6,0,7,0,1,8,7,2023-02-02
Leyteris_Douloumpekis,5,2,8,1,9,0,8,0,0,8,8,2023-01-31
Fonaf,5,2,3,1,4,0,8,0,0,8,8,2022-12-15
Whitehood,2,1,-33,42,9,0,6,2,0,8,8,2022-10-30
alexkokalo2,5,2,9,4,13,1,7,0,1,8,7,2022-06-19
Stefanos1977,4,1,8,1,9,1,8,0,0,8,8,2022-05-23
Vagelis_Gaganis,5,2,6,1,7,0,6,0,2,8,6,2022-05-11
Ben_Bill,5,2,5,1,6,0,8,0,0,8,8,2022-05-10
Kwstas_Tsipas,4,1,0,7,7,0,6,0,2,8,6,2022-05-04
Spyros_Panagiwtopoulos,3,0,-13,21,8,0,3,2,3,8,5,2022-04-25
SAVVAS_TERZIDIS,4,1,14,8,22,0,5,0,3,8,5,2022-04-06
nikolis_vakalis,5,2,15,1,16,1,8,0,0,8,8,2022-01-21
ENKI2,5,2,12,3,15,0,8,0,0,8,8,2021-11-18
ΧρήστοςΓεν21,5,2,8,7,15,0,8,0,0,8,8,2021-10-06
Fotis_Karapanos,3,0,2,23,25,0,1,2,5,8,3,2021-09-30
VAGGELIS_SANIKLEIDIS,5,2,11,9,20,0,8,0,0,8,8,2021-09-04
SAVVAS_TERZIDIS,4,1,13,8,21,0,5,0,3,8,5,2022-04-06
ALEXANDROS_X_,5,2,6,0,6,0,8,0,0,8,8,2024-03-03
Marasilina,4,1,-4,6,2,1,6,0,2,8,6,2024-02-29
Katerina_Riga28,5,2,10,2,12,0,7,0,1,8,7,2024-01-29
John_Adamakis6146,5,2,10,0,10,0,8,0,0,8,8,2024-01-20
Laaa,5,2,16,0,16,0,8,0,0,8,8,2023-12-30
Epameinondas_Rentifis23,5,2,11,0,11,1,8,0,0,8,8,2023-11-24
elenakipera1994,4,1,10,0,10,0,7,0,1,8,7,2023-11-05
stratus.stratus,5,2,9,0,9,0,4,0,4,8,4,2023-10-31
aggelos1924,5,2,23,0,23,0,8,0,0,8,8,2023-10-29
DEAD SHOT GR,5,2,14,2,16,0,8,0,0,8,8,2023-10-11
Kostas_ms,5,2,7,1,8,0,7,0,1,8,7,2023-10-11
Vasilis_Xylardistos,5,2,-1,7,6,1,8,0,0,8,8,2023-10-10
nikos. Tsampaaaaa,1,2,-46,49,3,0,0,0,0,0,0,2023-09-25
Xrhstos_Sam,5,2,8,1,9,0,8,0,0,8,8,2023-09-20
milcurl,4,1,-1,9,8,1,6,0,2,8,6,2023-09-03
Mirella_Goudoula,5,2,6,0,6,1,7,0,1,8,7,2023-08-31
andreas_andreas1629,4,1,-1,9,8,0,5,0,3,8,5,2023-08-26
dainavass_,5,2,7,2,9,0,6,0,1,7,6,2023-08-19
www.panos.gavros,5,2,12,0,12,0,8,0,0,8,8,2023-07-27
iordanismantzospoulios,5,2,0,5,5,0,8,0,0,8,8,2023-07-18
Fronis,5,2,13,3,16,0,8,0,0,8,8,2023-07-03
Dimitris_Tsipos,5,2,2,0,2,0,8,0,0,8,8,2023-07-02
Avokeido,5,2,8,0,8,1,8,0,0,8,8,2023-07-01
PANAGIOTIS_KOPTERIDIS,4,1,-8,15,7,0,6,1,1,8,7,2023-06-04
niki_kuri,4,1,-32,36,4,1,5,0,3,8,5,2023-05-30
apostolis_skr,5,2,8,1,9,0,8,0,0,8,8,2023-05-08
ALEXANDROS_X_,5,2,7,0,7,0,8,0,0,8,8,2024-03-03
Marasilina,4,1,-3,6,3,1,6,0,2,8,6,2024-02-29
Vasilis_Xylardistos,5,2,-2,8,6,1,8,0,0,8,8,2023-10-10
ALEXANDROS_X_,5,2,4,0,4,0,8,0,0,8,8,2024-03-03
Marasilina,4,1,-1,3,2,1,6,0,2,8,6,2024-02-29
Katerina_Riga28,5,2,10,1,11,0,7,0,1,8,7,2024-01-29
John_Adamakis6146,5,2,9,0,9,0,8,0,0,8,8,2024-01-20
Laaa,5,2,14,0,14,0,8,0,0,8,8,2023-12-30
elenakipera1994,4,1,9,0,9,0,7,0,1,8,7,2023-11-05
stratus.stratus,5,2,8,0,8,0,4,0,4,8,4,2023-10-31
aggelos1924,5,2,22,0,22,0,8,0,0,8,8,2023-10-29
DEAD SHOT GR,5,2,13,2,15,0,8,0,0,8,8,2023-10-11
nikos. Tsampaaaaa,1,2,-45,48,3,0,0,0,0,0,0,2023-09-25
Xrhstos_Sam,5,2,7,1,8,0,8,0,0,8,8,2023-09-20
www.panos.gavros,5,2,11,0,11,0,8,0,0,8,8,2023-07-27
ALEXANDROS_X_,5,2,5,0,5,0,8,0,0,8,8,2024-03-03
Marasilina,4,1,-3,5,2,1,6,0,2,8,6,2024-02-29
Katerina_Riga28,5,2,11,1,12,0,7,0,1,8,7,2024-01-29
Laaa,5,2,15,0,15,0,8,0,0,8,8,2023-12-30
rafaelg13_linkinpark,5,2,0,0,0,0,7,0,1,8,7,2024-02-15
Tasos_Meli,5,2,2,0,2,0,7,0,1,8,7,2023-12-18
Despoina_Zantidou,3,0,-14,19,5,0,3,1,4,8,4,2023-12-05
Panos.33,5,2,-1,4,3,0,8,0,0,8,8,2023-11-01
Sergio_Chapsas,5,2,18,4,22,0,7,0,1,8,7,2023-07-23
Despina_Koufoudaki,4,1,-8,14,6,1,6,0,2,8,6,2023-06-07
Kostas_Keramaris427,5,2,10,2,12,0,7,0,1,8,7,2023-04-20
Agg_Mann,3,0,-30,43,13,1,6,1,1,8,7,2023-04-12
johnygrg,5,2,3,8,11,1,8,0,0,8,8,2023-04-10
Antonis_Kousis,4,1,1,4,5,1,6,0,2,8,6,2023-03-28
E.N.,3,0,-2,13,11,0,5,1,2,8,6,2023-03-07
Restalious,5,2,10,2,12,0,7,0,1,8,7,2023-01-31
julakos,5,2,14,1,15,0,8,0,0,8,8,2023-01-17
ATHANASIOS_PAPADOPOULOS7,5,2,5,2,7,0,8,0,0,8,8,2022-12-11
melina_beleri4817,5,2,1,4,5,0,7,0,1,8,7,2022-11-26
TakisJ,5,2,12,2,14,0,8,0,0,8,8,2022-09-24
Alexeypilot,4,1,-2,9,7,0,6,0,2,8,6,2022-09-15
dimitris_gk972,5,2,8,5,13,0,8,0,0,8,8,2022-09-03
sotianto2,5,2,6,2,8,0,8,0,0,8,8,2022-09-03
spetsiwtis_07,5,2,17,2,19,0,4,0,1,5,4,2022-07-10
fotis.kalafatis,4,1,5,9,14,0,5,1,2,8,6,2022-04-14
varv.e,5,2,-1,9,8,0,7,0,1,8,7,2022-04-06
rafaelg13_linkinpark,5,2,1,0,1,0,7,0,1,8,7,2024-02-15
Tasos_Meli,5,2,3,0,3,0,7,0,1,8,7,2023-12-18
Despoina_Zantidou,3,0,-15,20,5,0,3,1,4,8,4,2023-12-05
PanosKets,5,2,1,0,1,0,8,0,0,8,8,2024-01-20
Spyridon_Spyros,5,2,3,0,3,0,8,0,0,8,8,2023-12-17
Dxml,5,2,0,0,0,0,8,0,0,8,8,2023-11-18
Loukas_Goulas68,5,2,2,1,3,0,8,0,0,8,8,2023-07-26
Babis Ktv,5,2,15,1,16,0,8,0,0,8,8,2023-05-19
Nikos Nedos,5,2,0,5,5,0,8,0,0,8,8,2023-05-07
Ninja1,4,1,11,0,11,0,7,0,1,8,7,2023-03-06
Dim__Sio_,5,2,0,2,2,0,8,0,0,8,8,2023-02-21
alexandross_g,5,2,6,2,8,0,8,0,0,8,8,2022-12-19
Spyros_Tsoukalis4838,2,1,-76,98,22,0,2,2,4,8,4,2022-11-11
Xristos_Xlidas,5,2,9,3,12,0,8,0,0,8,8,2022-11-06
faze_bazz,5,2,13,6,19,0,8,0,0,8,8,2022-09-23
giann.george,5,2,16,5,21,0,8,0,0,8,8,2022-08-22
Eleftheria_Xenidou_,5,2,6,4,10,0,7,0,1,8,7,2022-08-12
zeina_angel,4,1,5,6,11,1,8,0,0,8,8,2022-08-09
Billychenko,3,0,-24,43,19,1,3,2,3,8,5,2022-07-19
xatzitakis_t,5,2,5,8,13,1,7,0,0,7,7,2022-07-09
Green_Bear,3,0,-13,23,10,0,5,0,3,8,5,2022-06-26
Andreas_Mpachlavas,4,1,6,9,15,0,0,0,0,0,0,2022-06-19
giannis1451411413,3,0,-12,38,26,0,3,0,5,8,3,2022-06-13
Ntin@s78,3,0,8,8,16,0,6,1,1,8,7,2022-06-05
dgsfak,5,2,8,4,12,0,7,1,0,8,8,2022-05-23
geopasxmag,5,2,7,4,11,1,8,0,0,8,8,2022-05-11
Ioannis_Panagopoulos12,5,2,-3,7,4,1,6,1,1,8,7,2022-05-10
Akis_Vask,5,2,5,2,7,1,7,0,1,8,7,2022-05-04
PanosKets,5,2,2,0,2,0,8,0,0,8,8,2024-01-20
Spyridon_Spyros,5,2,4,0,4,0,8,0,0,8,8,2023-12-17
Dxml,5,2,1,0,1,0,8,0,0,8,8,2023-11-18
Loukas_Goulas68,5,2,3,1,4,0,8,0,0,8,8,2023-07-26
Babis Ktv,5,2,16,1,17,0,8,0,0,8,8,2023-05-19
Nikos Nedos,5,2,0,6,6,0,8,0,0,8,8,2023-05-07
Ninja1,4,1,13,0,13,0,7,0,1,8,7,2023-03-06
Nikos Nedos,5,2,1,5,6,0,8,0,0,8,8,2023-05-07
Ninja1,4,1,12,0,12,0,7,0,1,8,7,2023-03-06
Sagkma,4,1,2,2,4,0,4,0,4,8,4,2023-12-08
xaris211971,5,2,9,3,12,0,8,0,0,8,8,2023-07-19
Dimitris Litsas,5,2,5,6,11,0,7,0,1,8,7,2023-05-12
manos.00000,5,2,3,2,5,0,8,0,0,8,8,2023-05-04
evitatz,4,1,-4,17,13,0,5,1,2,8,6,2023-04-18
Athanasios_charapas,5,2,0,3,3,0,8,0,0,8,8,2023-04-02
Γιωργος Π,2,1,7,8,15,0,6,0,2,8,6,2023-03-07
george_kas,4,1,-2,12,10,0,5,1,2,8,6,2023-03-03
Kwst@kis,5,2,5,0,5,0,8,0,0,8,8,2023-02-26
Thanasis_Lyr,4,1,-3,8,5,1,8,0,0,8,8,2023-02-11
saura.petaw,5,2,17,0,17,0,7,0,1,8,7,2022-12-21
sacram73gr,5,2,11,0,11,0,7,0,0,7,7,2022-11-28
Papandreou_Anastasia,5,2,-2,11,9,0,1,0,6,7,1,2022-10-22
Konstantinos___ion,5,2,-1,8,7,0,7,0,1,8,7,2022-10-18
lambrosmoustos,5,2,14,7,21,0,7,0,1,8,7,2022-10-16
Little BEAR,5,2,5,2,7,0,8,0,0,8,8,2022-10-11
ola_einai_dromos7084,4,1,1,7,8,0,7,1,0,8,8,2022-10-09
makis2172,5,2,1,8,9,0,8,0,0,8,8,2022-10-09
konstantinos_chitzios,5,2,1,5,6,0,8,0,0,8,8,2022-10-02
ΜΑΟ,5,2,8,10,18,0,8,0,0,8,8,2022-09-21
Triantafullos_Christoforidis,3,0,-16,52,36,0,4,1,3,8,5,2022-09-21
patsios2382,4,1,5,11,16,1,7,0,1,8,7,2022-09-20
VuZ,5,2,1,21,22,0,8,0,0,8,8,2022-09-13
ioulia.kazakou.9,5,2,8,6,14,0,6,0,2,8,6,2022-09-07
makis.sp04,5,2,10,1,11,0,8,0,0,8,8,2022-09-06
poli_pink,5,2,-2,12,10,0,8,0,0,8,8,2022-08-28
giorgoszeimp,5,2,2,5,7,0,8,0,0,8,8,2022-08-25
Sagkma,4,1,3,2,5,0,4,0,4,8,4,2023-12-08
evitatz,4,1,-3,17,14,0,5,1,2,8,6,2023-04-18
Kl_Mp,3,0,-2,7,5,0,5,1,1,7,6,2024-01-07
kostas_kep,5,2,3,1,4,1,8,0,0,8,8,2024-01-02
Xristos.StR,4,1,0,5,5,0,6,0,2,8,6,2023-12-03
alexm,3,0,8,1,9,0,4,1,3,8,5,2023-12-02
panagiotis039393,5,2,1,0,1,0,7,0,1,8,7,2023-11-29
Polyxeny_Katsari,3,0,1,6,7,1,6,1,1,8,7,2023-11-14
GioSi91,5,2,7,1,8,0,8,0,0,8,8,2023-11-12
gregprapas07,5,2,12,0,12,0,8,0,0,8,8,2023-10-24
maranghides,5,2,4,3,7,1,8,0,0,8,8,2023-10-11
Olga_P19,3,0,-6,14,8,0,6,1,1,8,7,2023-09-25
Dimitris_Kanellas,5,2,10,0,10,0,8,0,0,8,8,2023-09-16
stratis_derm,4,1,-1,7,6,0,4,0,2,6,4,2023-09-16
Effie_Sr_,5,2,2,1,3,0,7,0,1,8,7,2023-09-11
notariahere,5,2,3,5,8,0,6,0,2,8,6,2023-08-27
NICK_PAVL_Games,5,2,9,1,10,0,7,0,1,8,7,2023-07-28
Chriss0,5,2,2,2,4,0,7,0,1,8,7,2023-07-28
annamaria.tsakona,3,0,7,38,45,0,6,1,1,8,7,2023-07-21
katsas89,4,1,14,6,20,0,7,0,1,8,7,2023-06-15
serclk320,4,1,-2,6,4,0,6,1,1,8,7,2023-05-29
Metaladis,3,0,10,23,33,0,3,1,4,8,4,2023-04-28
Athenaida,4,1,2,6,8,0,5,2,1,8,7,2023-04-21
patsios2382,5,2,-10,16,6,1,8,0,0,8,8,2023-04-18
Panagiotis_Fachouridis,5,2,14,6,20,0,8,0,0,8,8,2023-03-09
kirk_panos,5,2,13,3,16,0,5,0,1,6,5,2023-02-25
gbylykbashi,5,2,19,15,34,0,7,0,1,8,7,2023-02-16
Kl_Mp,3,0,-3,8,5,0,5,1,1,7,6,2024-01-07
Metaladis,3,0,9,23,32,0,3,1,4,8,4,2023-04-28
Kostas6868,4,1,1,0,1,1,8,0,0,8,8,2024-01-21
spirogero,4,1,0,1,1,1,6,0,2,8,6,2024-01-14
KONSTANTINOS_MP5703,5,2,4,0,4,0,8,0,0,8,8,2023-12-21
Yianni_Giovanni,5,2,4,2,6,0,8,0,0,8,8,2023-11-12
Vasilis_Kingk,5,2,-4,7,3,0,7,0,1,8,7,2023-09-23
Eleftherios_Piperakis,5,2,9,2,11,1,8,0,0,8,8,2023-09-20
tsit72,5,2,8,1,9,0,8,0,0,8,8,2023-07-27
spider348,5,2,24,1,25,0,8,0,0,8,8,2023-05-03
sacram73gr,5,2,9,3,12,0,7,0,1,8,7,2023-03-18
Jim_Cool51,4,1,8,2,10,1,6,0,2,8,6,2023-02-18
alexts93,5,2,11,1,12,0,8,0,0,8,8,2023-02-14
Thomas_Orkas33,5,2,-1,9,8,0,8,0,0,8,8,2023-02-04
Costa_Taxi,5,2,6,0,6,1,8,0,0,8,8,2023-01-24
Dimitris_Apostolopoulos67,5,2,13,0,13,0,8,0,0,8,8,2023-01-22
Stavros Kotsis,5,2,8,0,8,0,8,0,0,8,8,2023-01-09
apmos,4,1,10,3,13,0,7,0,1,8,7,2022-12-29
Pelopidas_Barotsakis,5,2,5,0,5,0,8,0,0,8,8,2022-12-23
Ntin@s78,5,2,5,2,7,0,8,0,0,8,8,2022-12-11
brokalakis,5,2,6,2,8,0,8,0,0,8,8,2022-11-25
Stel_Pef,5,2,28,2,30,0,8,0,0,8,8,2022-11-08
spirogero,4,1,0,1,1,1,6,0,2,8,6,2024-01-14
Eleftherios_Piperakis,5,2,9,2,11,1,8,0,0,8,8,2023-09-20
spider348,5,2,25,1,26,0,8,0,0,8,8,2023-05-03
GeorgePs1,5,2,1,1,2,0,7,0,1,8,7,2024-02-06
Restalious,5,2,3,0,3,0,6,0,2,8,6,2023-10-27
Periklis_Gogolos,4,1,1,8,9,0,7,1,0,8,8,2023-10-10
panosmavridakis,3,0,-6,12,6,0,7,0,1,8,7,2023-09-27
komiasspider,4,1,-8,18,10,0,5,1,2,8,6,2023-08-04
panos.papas21,5,2,10,1,11,0,8,0,0,8,8,2023-08-01
Christos_Trimis7892,5,2,9,1,10,0,8,0,0,8,8,2023-07-19
Poloman,2,1,-21,33,12,0,4,1,3,8,5,2023-07-16
LSChris,5,2,1,3,4,0,6,0,2,8,6,2023-07-15
masimplo,5,2,-3,10,7,0,6,0,2,8,6,2023-06-30
Lykjo,5,2,-7,9,2,0,8,0,0,8,8,2023-06-23
Anastasios_Tsipoultaras,5,2,-39,44,5,0,8,0,0,8,8,2023-06-17
MariosG777,5,2,1,9,10,0,7,0,1,8,7,2023-06-08
zapartasvasilis,5,2,4,4,8,0,8,0,0,8,8,2023-05-26
saradisgiannakas,4,1,-16,19,3,0,6,1,1,8,7,2023-05-25
Christos_Papageorgiou7110,5,2,-8,11,3,1,7,0,1,8,7,2023-04-19
pcmaniax210,5,2,6,9,15,0,8,0,0,8,8,2023-04-17
koutis7,5,2,-2,12,10,0,8,0,0,8,8,2023-04-02
Babinos1977,5,2,-8,11,3,0,6,0,2,8,6,2023-03-30
pavldimitriss,5,2,2,7,9,0,8,0,0,8,8,2023-03-12
Anna_Vergou7691,5,2,0,9,9,0,8,0,0,8,8,2023-02-28
basilisnikolaou5c,4,1,0,8,8,0,7,0,1,8,7,2023-02-26
marino1995scr,4,1,0,7,7,0,6,0,2,8,6,2023-02-22
Tili68,5,2,2,4,6,0,8,0,0,8,8,2023-02-22
panos.papas21,5,2,10,1,11,0,8,0,0,8,8,2023-08-01
GeorgePs1,5,2,0,1,1,0,7,0,1,8,7,2024-02-06
Restalious,5,2,2,0,2,0,6,0,2,8,6,2023-10-27
Periklis_Gogolos,4,1,0,8,8,0,7,1,0,8,8,2023-10-10
panosmavridakis,3,0,-5,11,6,0,7,0,1,8,7,2023-09-27
sotosxadiaris0044,5,2,6,1,7,0,8,0,0,8,8,2023-12-28
Xristos_Tsitsimidis,5,2,-1,3,2,0,8,0,0,8,8,2023-12-21
Κυριάκος2020,5,2,4,3,7,0,8,0,0,8,8,2023-12-12
Petros_Sintos,5,2,0,7,7,0,6,0,2,8,6,2023-11-22
Fokionas_Zarkadas,5,2,9,4,13,0,8,0,0,8,8,2023-11-12
Ioannisgnk,4,1,6,3,9,0,7,0,1,8,7,2023-11-03
Stefanos Mp,5,2,5,6,11,0,8,0,0,8,8,2023-09-30
Despina_Dragneel,4,1,-5,11,6,0,7,0,1,8,7,2023-09-25
nikashjohn,4,1,26,9,35,1,5,1,2,8,6,2023-08-30
Evan S.,5,2,5,5,10,1,8,0,0,8,8,2023-08-23
FoBo,5,2,-1,6,5,0,7,0,1,8,7,2023-08-16
Anna_Tsoukou8438,5,2,-18,23,5,1,8,0,0,8,8,2023-08-15
spyros pant,5,2,-2,14,12,0,7,0,1,8,7,2023-08-01
madalenax,4,1,-53,70,17,1,6,0,2,8,6,2023-07-18
Georgia_Lazaridou,4,1,2,16,18,1,7,0,1,8,7,2023-07-15
h4ckZ0r,5,2,-2,9,7,1,7,0,1,8,7,2023-07-12
achabilidis,5,2,-12,21,9,1,8,0,0,8,8,2023-06-01
Lefteris_Gampierakis,5,2,11,11,22,0,8,0,0,8,8,2023-05-29
Alexander_Papad.,5,2,8,7,15,0,7,0,1,8,7,2023-05-13
George Mast,5,2,-23,31,8,1,8,0,0,8,8,2023-05-12
katerina_xanthou,5,2,-2,22,20,1,7,0,1,8,7,2023-05-03
CHaralampos_Patras3147,5,2,-2,16,14,0,7,0,1,8,7,2023-04-29
Xristos_Tsitsimidis,5,2,0,2,2,0,8,0,0,8,8,2023-12-21
Petros_Sintos,5,2,1,6,7,0,6,0,2,8,6,2023-11-22
Fokionas_Zarkadas,5,2,10,3,13,0,8,0,0,8,8,2023-11-12
Aggelos_Pan_,4,1,10,0,10,0,6,1,1,8,7,2024-03-05
Giorgos_Voudouris799,5,2,4,4,8,0,8,0,0,8,8,2024-02-29
AlexiaK,5,2,4,8,12,0,8,0,0,8,8,2024-02-14
hdl99244,3,0,14,6,20,1,3,0,5,8,3,2024-01-31
xristos_safa,5,2,-13,17,4,1,4,0,0,4,4,2024-01-29
votaldo,5,2,22,3,25,1,8,0,0,8,8,2024-01-16
chris.chrysostalis,5,2,2,1,3,1,8,0,0,8,8,2023-12-19
hlias_ts,5,2,20,5,25,0,8,0,0,8,8,2023-11-19
sacram73gr,2,1,-41,77,36,0,6,1,1,8,7,2023-11-11
Grigoris_Prapas,5,2,5,9,14,0,8,0,0,8,8,2023-10-19
Constantine!!!,5,2,8,6,14,0,8,0,0,8,8,2023-10-13
Stavros D.,5,2,26,4,30,0,8,0,0,8,8,2023-10-01
Thomaras_Kalakos,5,2,10,5,15,1,8,0,0,8,8,2023-09-28
ir_l8,5,2,-8,20,12,0,8,0,0,8,8,2023-09-26
giannispap413,4,1,-16,48,32,0,6,1,1,8,7,2023-09-25
Dorin_Volodymyr,5,2,-16,36,20,0,8,0,0,8,8,2023-09-23
georgios.galanopoulos,5,2,37,6,43,0,7,0,1,8,7,2023-09-22
sacram73gr,2,1,-40,76,36,0,6,1,1,8,7,2023-11-11
sacram73gr,2,1,-41,76,35,0,6,1,1,8,7,2023-11-11
Aggelos_Pan_,4,1,9,0,9,0,6,1,1,8,7,2024-03-05
Giorgos_Voudouris799,5,2,4,2,6,0,8,0,0,8,8,2024-02-29
AlexiaK,5,2,3,7,10,0,8,0,0,8,8,2024-02-14
hdl99244,3,0,15,5,20,1,3,0,5,8,3,2024-01-31
xristos_safa,5,2,-9,13,4,1,4,0,0,4,4,2024-01-29
votaldo,5,2,21,3,24,1,8,0,0,8,8,2024-01-16
zouan,1,2,-33,56,23,0,5,1,2,8,6,2023-12-11
hlias_ts,5,2,19,5,24,0,8,0,0,8,8,2023-11-19
sacram73gr,2,1,-40,73,33,0,6,1,1,8,7,2023-11-11
giannispap413,4,1,-17,48,31,0,6,1,1,8,7,2023-09-25
georgios.galanopoulos,5,2,36,6,42,0,7,0,1,8,7,2023-09-22
sacram73gr,2,1,-42,76,34,0,6,1,1,8,7,2023-11-11
potsis.v,5,2,13,2,15,0,8,0,0,8,8,2024-01-14
kielly.xiradaki,5,2,8,2,10,0,8,0,0,8,8,2024-01-05
Geo.Ale,4,1,14,0,14,1,7,0,1,8,7,2023-12-27
Stamatis12345,4,1,14,1,15,0,8,0,0,8,8,2023-11-09
Nikz!!!,5,2,9,0,9,0,8,0,0,8,8,2023-10-23
Andreas_Belshaku,5,2,5,7,12,0,8,0,0,8,8,2023-10-12
potsis.v,5,2,14,2,16,0,8,0,0,8,8,2024-01-14
kielly.xiradaki,5,2,10,2,12,0,8,0,0,8,8,2024-01-05
Geo.Ale,4,1,15,0,15,1,7,0,1,8,7,2023-12-27
Stamatis12345,4,1,15,1,16,0,8,0,0,8,8,2023-11-09
Nikz!!!,5,2,10,0,10,0,8,0,0,8,8,2023-10-23
Andreas_Belshaku,5,2,6,7,13,0,8,0,0,8,8,2023-10-12
Geo.Ale,4,1,14,0,14,1,7,0,1,8,7,2023-12-27
kielly.xiradaki,5,2,9,2,11,0,8,0,0,8,8,2024-01-05
iobelika,2,1,-2,4,2,0,6,2,0,8,8,2024-03-08
panoulis317,4,1,4,0,4,1,6,1,1,8,7,2024-03-05
sacram73gr,4,1,4,0,4,0,5,2,1,8,7,2024-02-17
Andreas8,4,1,7,0,7,1,7,0,1,8,7,2024-01-30
anasmar,5,2,-2,4,2,0,7,0,1,8,7,2024-01-28
AsdfFW,5,2,5,4,9,0,8,0,0,8,8,2024-01-19
dabadouba,5,2,-4,9,5,1,7,0,1,8,7,2024-01-18
teemo_supp,5,2,-7,13,6,0,6,0,2,8,6,2024-01-11
maria_micha,5,2,2,5,7,1,8,0,0,8,8,2024-01-11
RedLeg7nd,5,2,8,2,10,0,8,0,0,8,8,2024-01-02
tassos.monsterberg,5,2,-13,20,7,1,8,0,0,8,8,2023-12-19
niclas77,5,2,2,0,2,0,8,0,0,8,8,2023-12-12
johnakosref,3,0,-2,13,11,0,6,1,1,8,7,2023-12-11
Stathis_Tilaveridis,3,0,9,7,16,0,6,2,0,8,8,2023-12-10
Nick_1111,5,2,2,9,11,1,8,0,0,8,8,2023-11-14
pmpant,4,1,10,8,18,0,6,1,1,8,7,2023-10-30
Anna_Vergou7691,5,2,13,7,20,0,8,0,0,8,8,2023-10-24
xRayzZvx,5,2,3,6,9,0,7,0,1,8,7,2023-10-24
antrianos_mourtzis,2,1,-30,54,24,0,6,1,1,8,7,2023-10-22
Tili68,3,0,13,3,16,0,5,0,3,8,5,2023-10-21
foteini_jupiter,5,2,-3,4,1,0,8,0,0,8,8,2023-10-20
spiros.kolivas.1,3,0,-2,17,15,0,6,1,1,8,7,2023-10-14
teemo_supp,5,2,-6,12,6,0,6,0,2,8,6,2024-01-11
maria_micha,5,2,3,4,7,1,8,0,0,8,8,2024-01-11
iobelika,2,1,1,1,2,0,6,2,0,8,8,2024-03-08
panoulis317,4,1,3,0,3,1,6,1,1,8,7,2024-03-05
Antonis_Mylonakis,5,2,-10,24,14,0,8,0,0,8,8,2023-11-16
iobelika,2,1,0,2,2,0,6,2,0,8,8,2024-03-08
iobelika,2,1,0,1,1,0,6,2,0,8,8,2024-03-08
panoulis317,4,1,2,0,2,1,6,1,1,8,7,2024-03-05
sacram73gr,4,1,3,0,3,0,5,2,1,8,7,2024-02-17
tassos.monsterberg,5,2,-12,19,7,1,8,0,0,8,8,2023-12-19
xristos_tzixanis,5,2,0,2,2,1,8,0,0,8,8,2024-03-12
Vagelis_CHoustoulakis,5,2,1,1,2,0,8,0,0,8,8,2024-03-11
Nikos_Giachnaki,5,2,-1,3,2,0,8,0,0,8,8,2024-03-10
V. Papas,5,2,1,7,8,0,7,0,1,8,7,2024-02-06
Giorgos_Kounalakis47,5,2,14,11,25,0,7,1,0,8,8,2024-02-03
D. Stavrou,5,2,16,2,18,0,7,0,1,8,7,2024-01-21
James_Roler,5,2,8,8,16,1,7,0,1,8,7,2024-01-19
@ngel80,5,2,7,3,10,1,7,0,1,8,7,2024-01-16
movsiss,5,2,-1,2,1,1,7,0,1,8,7,2024-01-16
Argiris.Kontos,3,0,-7,36,29,0,6,0,2,8,6,2024-01-11
nikos_tntt,4,1,-5,18,13,0,7,0,1,8,7,2024-01-10
athanasiosmpoukis,4,1,-4,13,9,0,7,1,0,8,8,2024-01-10
nikolasgianta,5,2,5,5,10,0,8,0,0,8,8,2024-01-09
Stayros_Smpiliris,5,2,2,9,11,1,8,0,0,8,8,2024-01-09
Tzeni_Filippidi,5,2,-1,9,8,0,8,0,0,8,8,2024-01-07
AggelakasK,5,2,4,4,8,1,8,0,0,8,8,2024-01-04
WalterWhite,5,2,-1,8,7,0,8,0,0,8,8,2024-01-04
giorgosgiovanoglou,5,2,8,7,15,0,8,0,0,8,8,2024-01-01
Konst_Oik,5,2,13,2,15,0,8,0,0,8,8,2023-12-31
Akis_Paps,5,2,-1,9,8,0,8,0,0,8,8,2023-12-29
Περσέας,5,2,-3,15,12,1,8,0,0,8,8,2023-12-28
alexandross_g,5,2,5,1,6,0,8,0,0,8,8,2023-12-28
Trikolor,5,2,4,3,7,0,8,0,0,8,8,2023-12-26
Αλέξανδρος Κόλα,3,0,-3,9,6,1,6,0,2,8,6,2023-12-23
George_Karagiannis55,5,2,1,15,16,0,8,0,0,8,8,2023-12-21
Giorgos_Oikonomidis3775,4,1,2,9,11,0,6,1,1,8,7,2023-12-20
xristos_tzixanis,5,2,-5,9,4,1,8,0,0,8,8,2024-03-12
Vagelis_CHoustoulakis,5,2,3,2,5,0,8,0,0,8,8,2024-03-11
Nikos_Giachnaki,5,2,-4,9,5,0,8,0,0,8,8,2024-03-10
V. Papas,5,2,2,8,10,0,7,0,1,8,7,2024-02-06
Giorgos_Kounalakis47,5,2,15,11,26,0,7,1,0,8,8,2024-02-03
D. Stavrou,5,2,17,2,19,0,7,0,1,8,7,2024-01-21
@ngel80,5,2,8,3,11,1,7,0,1,8,7,2024-01-16
movsiss,5,2,0,2,2,1,7,0,1,8,7,2024-01-16
Argiris.Kontos,3,0,-8,37,29,0,6,0,2,8,6,2024-01-11
nikos_tntt,4,1,-6,19,13,0,7,0,1,8,7,2024-01-10
Περσέας,5,2,-2,15,13,1,8,0,0,8,8,2023-12-28
Trikolor,5,2,5,3,8,0,8,0,0,8,8,2023-12-26
Αλέξανδρος Κόλα,3,0,-2,9,7,1,6,0,2,8,6,2023-12-23
Vagelis_CHoustoulakis,5,2,2,2,4,0,8,0,0,8,8,2024-03-11
Nikos_Giachnaki,5,2,-5,9,4,0,8,0,0,8,8,2024-03-10
xristos_tzixanis,5,2,-6,10,4,1,8,0,0,8,8,2024-03-12
athanasiosmpoukis,4,1,-3,13,10,0,7,1,0,8,8,2024-01-10
Nikos_Giachnaki,5,2,-4,8,4,0,8,0,0,8,8,2024-03-10
xristos_tzixanis,5,2,-3,6,3,1,8,0,0,8,8,2024-03-12
Vagelis_CHoustoulakis,5,2,2,1,3,0,8,0,0,8,8,2024-03-11
Nikos_Giachnaki,5,2,-3,7,4,0,8,0,0,8,8,2024-03-10
V. Papas,5,2,1,8,9,0,7,0,1,8,7,2024-02-06
aris.tsakonas,3,0,0,0,0,0,3,2,3,8,5,2024-02-20
Marios_Soulas1102,3,0,3,1,4,0,3,1,4,8,4,2023-10-01
Fenia_Skiadas,4,1,2,0,2,0,5,1,1,7,6,2023-09-24
Bahggelis_Varlamis,5,2,3,0,3,0,6,0,1,7,6,2023-08-19
Grigoris_Margaritis,4,1,4,0,4,0,7,1,0,8,8,2023-08-14
Athina_sideria6138,5,2,2,1,3,0,7,0,1,8,7,2023-06-03
apostolis_skr,3,0,3,1,4,0,6,1,1,8,7,2023-05-08
flavitzaa,5,2,5,0,5,0,7,1,0,8,8,2023-04-02
Maria_Pasparaki98,4,1,1,1,2,0,6,1,1,8,7,2023-03-05
Odysseas_Ilias,4,1,3,0,3,0,5,1,2,8,6,2023-02-06
Ntg99,5,2,5,3,8,0,8,0,0,8,8,2022-12-31
Kondos,4,1,1,1,2,0,6,1,0,7,7,2022-12-10
dimsof23,3,0,1,0,1,1,4,2,2,8,6,2022-11-08
Iraklis_Stratakis,3,0,0,1,1,0,1,2,5,8,3,2022-09-15
pale2310,3,0,-6,8,2,0,6,1,1,8,7,2022-09-07
tsit72,5,2,8,1,9,0,8,0,0,8,8,2022-08-12
Kostas_Dardoufas,2,1,-14,15,1,0,4,3,1,8,7,2022-07-28
ʜᴀʀʀʏツ,4,1,-11,11,0,0,4,1,2,7,5,2022-07-16
Maeva_Dritsa,4,1,2,1,3,0,4,1,3,8,5,2022-06-27
liakosツ,5,2,0,2,2,0,7,0,1,8,7,2022-06-22
Theodore_Polychr,4,1,3,0,3,0,6,0,2,8,6,2022-05-18
helen28_01,3,0,-4,4,0,0,5,3,0,8,8,2022-05-11
Giorgos_Marios_Papadimitropoul,1,2,5,1,6,0,3,1,4,8,4,2022-04-14
Vagelis_Ntaginis,1,2,0,11,11,0,4,3,1,8,7,2022-03-26
ivpan01,4,1,6,1,7,0,6,1,1,8,7,2022-03-10
Andreas_Gentzos,5,2,5,1,6,0,7,0,1,8,7,2022-01-13
Dimitris_Stabolis,4,1,11,0,11,0,6,0,2,8,6,2022-01-12
Christos_Metsios,5,2,5,1,6,0,6,0,2,8,6,2022-01-06
SOFIA_PROSILIAKOU,3,0,17,2,19,0,6,2,0,8,8,2022-01-01
Fenia_Skiadas,4,1,1,0,1,0,5,1,1,7,6,2023-09-24
Bahggelis_Varlamis,5,2,2,0,2,0,6,0,1,7,6,2023-08-19
Athina_sideria6138,5,2,1,1,2,0,7,0,1,8,7,2023-06-03
flavitzaa,5,2,4,0,4,0,7,1,0,8,8,2023-04-02
Maria_Pasparaki98,4,1,0,1,1,0,6,1,1,8,7,2023-03-05
Odysseas_Ilias,4,1,2,0,2,0,5,1,2,8,6,2023-02-06
Ntg99,5,2,4,3,7,0,8,0,0,8,8,2022-12-31
dan80,5,2,3,0,3,0,7,0,1,8,7,2024-03-10
Antonis_P82,5,2,4,1,5,1,7,0,1,8,7,2024-01-31
seventhunicorn,4,1,16,2,18,0,5,1,2,8,6,2023-11-20
helenfoufa,1,2,-31,53,22,0,0,6,2,8,6,2023-03-24
Agathi_T_,2,1,-16,27,11,0,3,1,4,8,4,2023-03-23
Xas22_aman,5,2,4,8,12,0,6,0,2,8,6,2023-01-17
CHRISTOS55,1,2,-35,50,15,1,1,3,3,7,4,2023-01-15
SAVVAS_KARAKOZOGLOU,5,2,-3,8,5,1,7,0,1,8,7,2022-11-15
GeorgeGrgnt,5,2,2,12,14,0,8,0,0,8,8,2022-11-07
Anastasia_Euthumiadou6839,4,1,-5,11,6,1,5,0,3,8,5,2022-10-27
Fanis779,5,2,1,13,14,1,6,1,1,8,7,2022-08-17
faze_bazz,5,2,22,5,27,0,7,0,1,8,7,2022-05-07
othonas_othonas,5,2,24,4,28,0,8,0,0,8,8,2022-04-27
BiNiX4,5,2,38,5,43,0,7,0,1,8,7,2022-04-12
Agathi_T_,2,1,-17,27,10,0,3,1,4,8,4,2023-03-23
Xas22_aman,5,2,3,8,11,0,6,0,2,8,6,2023-01-17
Antonis_P82,5,2,2,1,3,1,7,0,1,8,7,2024-01-31
seventhunicorn,4,1,15,2,17,0,5,1,2,8,6,2023-11-20
helenfoufa,1,2,-32,54,22,0,0,6,2,8,6,2023-03-24
iamyourfavourite,2,1,-16,19,3,0,4,2,2,8,6,2023-06-01
konkasapis,5,2,6,2,8,0,7,0,1,8,7,2022-12-19
spyros7F1,4,1,7,0,7,0,8,0,0,8,8,2022-11-17
Despoina S,5,2,4,1,5,0,8,0,0,8,8,2022-09-27
swtosafraths,5,2,-3,11,8,0,5,1,2,8,6,2021-11-01
Manthos_Mayrodimos,5,2,9,4,13,0,6,1,1,8,7,2021-09-22
Thodoras_Gr14,5,2,7,2,9,0,7,0,1,8,7,2021-09-07
Agriculture_and_Beekeeping_Gre,2,1,-30,46,16,0,3,2,3,8,5,2021-09-06
Manthos_Voutsinas,5,2,4,3,7,0,8,0,0,8,8,2021-08-24
xristos8787,5,2,-7,34,27,0,7,0,1,8,7,2020-11-09
Nikos_mistirio,5,2,5,9,14,0,6,0,2,8,6,2020-11-06
loukassapolara,5,2,4,7,11,0,7,0,1,8,7,2020-10-22
pj250133,5,2,7,7,14,0,8,0,0,8,8,2020-09-30
Giannis Galetakis,5,2,20,2,22,0,8,0,0,8,8,2020-09-20
frxkss,5,2,3,7,10,0,6,0,2,8,6,2020-09-11
Dimitrios_Zolotakis,4,1,0,7,7,0,6,2,0,8,8,2020-09-04
Thanasis_kats,5,2,7,0,7,0,7,0,1,8,7,2020-09-04
anastasios_takidis,5,2,5,1,6,0,7,0,1,8,7,2020-08-01
Odysseas_Varelidis,4,1,3,2,5,0,6,0,2,8,6,2020-07-06
petrosbev,3,0,-16,23,7,0,6,1,1,8,7,2020-06-12
avs_art,5,2,6,0,6,0,7,0,1,8,7,2020-05-28
giozei,5,2,5,1,6,0,8,0,0,8,8,2020-05-06
alexisgikass,5,2,4,0,4,0,7,0,0,7,7,2020-05-05
Kostas_Kalafatas,5,2,11,0,11,0,8,0,0,8,8,2020-02-16
argyris.zouloumis,2,1,-22,31,9,0,4,2,2,8,6,2020-02-05
Katia_Gavria,5,2,-1,2,1,0,8,0,0,8,8,2024-02-19
Nikos Dimitriou,5,2,0,1,1,1,8,0,0,8,8,2024-02-15
Giannis_Zikopoulos,5,2,0,1,1,1,8,0,0,8,8,2023-12-12
arkinesy,4,1,0,4,4,0,6,0,2,8,6,2023-09-07
MrCyril,5,2,0,1,1,0,8,0,0,8,8,2023-07-30
Kostas_Filippis,5,2,5,1,6,0,7,0,1,8,7,2023-03-29
Stavroula_Vorgia,5,2,4,1,5,0,8,0,0,8,8,2023-02-26
popi123popaki1234,5,2,7,2,9,0,8,0,0,8,8,2023-02-23
Efi_Gialouri,5,2,7,1,8,0,8,0,0,8,8,2023-01-14
Polyxeni_Kesidou,4,1,3,1,4,0,7,0,1,8,7,2022-12-26
Vasia_Zera2946,4,1,-12,13,1,0,3,1,4,8,4,2022-08-06
margigeorgiudaku,5,2,11,1,12,0,7,0,1,8,7,2022-07-19
kostas1972,5,2,9,2,11,1,8,0,0,8,8,2022-04-28
Ilias_Agelopoulos2874,5,2,8,2,10,1,8,0,0,8,8,2022-04-15
Nikos_Makri,5,2,-2,4,2,0,7,0,1,8,7,2022-04-14
eleanna_kon,5,2,15,1,16,0,8,0,0,8,8,2022-03-25
minty ghoulz,4,1,-2,8,6,0,6,1,1,8,7,2022-03-08
Flacko,5,2,9,2,11,0,8,0,0,8,8,2022-02-20
thomaidiskon,5,2,17,2,19,0,8,0,0,8,8,2022-02-02
Val_Hj,3,0,3,27,30,0,5,1,2,8,6,2021-12-10
Angelovas,5,2,12,3,15,1,8,0,0,8,8,2021-12-05
Ausefulbuyer,5,2,12,1,13,0,8,0,0,8,8,2021-11-26
Dimitris__S,4,1,6,7,13,0,4,1,3,8,5,2021-10-15
golfakos,2,1,-51,57,6,0,4,2,2,8,6,2021-10-12
agarinos,5,2,13,2,15,0,8,0,0,8,8,2021-10-06
a-kokkin,5,2,5,2,7,1,8,0,0,8,8,2021-10-06
stratos_gougousis,5,2,7,0,7,0,8,0,0,8,8,2021-10-03
Panagiotis_Drilierakis7129,5,2,11,5,16,0,7,0,1,8,7,2021-07-07
gkontogeorgakis,4,1,2,5,7,1,6,0,2,8,6,2021-06-25
Katia_Gavria,5,2,-2,2,0,0,8,0,0,8,8,2024-02-19
Nikos Dimitriou,5,2,-1,1,0,1,8,0,0,8,8,2024-02-15
Giannis_Zikopoulos,5,2,-1,1,0,1,8,0,0,8,8,2023-12-12
arkinesy,4,1,-1,4,3,0,6,0,2,8,6,2023-09-07
Val_Hj,3,0,2,27,29,0,5,1,2,8,6,2021-12-10
golfakos,2,1,-52,57,5,0,4,2,2,8,6,2021-10-12
stratus.stratus,5,2,2,1,3,0,8,0,0,8,8,2023-08-22
Thanos404,4,1,5,1,6,0,6,0,2,8,6,2023-05-01
BeN_13,4,1,1,1,2,0,6,0,2,8,6,2023-02-25
Bollio,5,2,2,1,3,0,6,0,2,8,6,2022-11-24
nikolqs,5,2,-4,6,2,0,7,0,1,8,7,2022-09-13
Cami1,4,1,2,2,4,0,7,0,1,8,7,2022-08-10
Konstantinos_Arvanitis6,4,1,3,1,4,0,7,1,0,8,8,2022-08-01
TTV__Antonis,4,1,3,0,3,0,6,0,2,8,6,2022-06-17
panagiotis_panagoulas,4,1,0,1,1,0,6,0,2,8,6,2022-05-19
th_pantazis,5,2,5,2,7,0,8,0,0,8,8,2022-04-29
Giannis_Vasilakeris,5,2,5,1,6,0,8,0,0,8,8,2022-03-29
thomeas,3,0,-4,6,2,0,4,0,4,8,4,2022-03-06
Thanos Kourt,5,2,5,3,8,0,8,0,0,8,8,2022-01-01
Spyridon_Spyros,5,2,11,2,13,0,7,0,1,8,7,2021-10-07
basketball21065,4,1,9,1,10,0,7,0,1,8,7,2021-08-25
lym,4,1,5,5,10,0,6,0,2,8,6,2021-01-18
Sillow23,4,1,7,2,9,0,7,0,1,8,7,2021-01-17
vinniebeer,5,2,2,2,4,0,8,0,0,8,8,2020-12-04
Marieta_Blushaj,4,1,1,3,4,1,7,1,0,8,8,2020-11-25
marialouisa,5,2,5,3,8,0,7,0,1,8,7,2020-11-13
EudoxiePap,3,0,-2,9,7,0,5,1,1,7,6,2020-11-08
dskoufos,5,2,1,5,6,0,8,0,0,8,8,2020-10-15
Nikolaos_Gasteratos6,4,1,13,4,17,0,7,0,1,8,7,2020-10-03
basilis5,5,2,7,5,12,0,7,0,1,8,7,2020-09-12
vasilis beret,4,1,-2,5,3,1,8,0,0,8,8,2020-09-09
Anna_Sargsyan,5,2,0,0,0,0,6,2,0,8,8,2023-12-14
Efithe98,5,2,2,0,2,0,6,0,0,6,6,2023-08-21
DINNA_PANAGOPOYLOY,5,2,0,1,1,0,7,0,1,8,7,2023-12-09
SubZeRok1Ck,4,1,36,2,38,1,5,2,1,8,7,2023-02-28
panagiotis.lioupis,5,2,6,0,6,1,8,0,0,8,8,2024-01-24
avogiatzakis,5,2,9,0,9,0,8,0,0,8,8,2023-10-20
Vangelis_Tzanakis,5,2,11,0,11,1,5,0,0,5,5,2023-09-29
dan80,5,2,19,0,19,0,8,0,0,8,8,2023-09-09
Kimonas_Sotirchos,4,1,13,0,13,1,8,0,0,8,8,2023-08-13
elenibrunofreytag,1,2,1,0,1,1,1,1,3,5,2,2023-05-30
Tetti_Koulianou,1,2,2,3,5,0,0,5,3,8,5,2024-02-03
bardabasophia,3,0,1,0,1,0,3,1,4,8,4,2023-04-16
kokalo83,1,2,-12,13,1,0,0,4,4,8,4,2022-07-26
i-F8,5,2,9,0,9,0,8,0,0,8,8,2022-02-17
Konstantinos_Diseris,5,2,0,0,0,0,8,0,0,8,8,2024-01-23
PunisherFC21,3,0,2,6,8,0,6,0,2,8,6,2022-09-12
EFTIMIOS_MOYZAKITIS,1,2,3,0,3,0,7,1,0,8,8,2022-01-29
Maria_Prokopaki2280,1,2,2,0,2,1,0,6,2,8,6,2023-09-20
sciamanocaotico7,2,1,0,0,0,0,2,5,1,8,7,2024-01-22
skilos,1,2,0,0,0,0,2,2,3,7,4,2023-12-12
xristouspi,1,2,2,0,2,0,1,6,1,8,7,2023-05-27
erv2001,2,1,1,0,1,0,3,2,3,8,5,2023-04-15
Akis_Tri,1,2,3,0,3,0,1,2,5,8,3,2023-04-07
Stamatis_Kaloyannidis,1,2,3,0,3,0,1,1,6,8,2,2022-10-29
dokkerverosgr,3,0,0,1,1,0,3,1,4,8,4,2022-10-23
Dimitris_Lampas9839,4,1,0,1,1,1,5,1,2,8,6,2022-01-11
Dimosthenis_Mellos,4,1,5,1,6,1,8,0,0,8,8,2021-09-21
kotsilos_sfak,2,1,3,2,5,1,1,3,4,8,4,2021-03-03
Soti_An,3,0,2,3,5,0,6,0,2,8,6,2021-01-17
Emmanouil_Markakis,1,2,11,0,11,1,3,2,3,8,5,2021-04-19
Nancy_Kanello,5,2,5,1,6,1,8,0,0,8,8,2021-03-16
Christos_Demosthenous1797,5,2,0,0,0,0,6,0,2,8,6,2023-03-20
Alexandros_K73,2,1,-1,1,0,1,3,0,5,8,3,2023-01-16
Kostas_Rentifis,1,2,-8,10,2,0,0,7,1,8,7,2022-06-12
Vaios281,5,2,6,0,6,0,8,0,0,8,8,2021-11-10
spyros_zervas7013,5,2,2,0,2,0,8,0,0,8,8,2022-01-18
Valerios_Kavalikos,4,1,2,0,2,0,4,0,4,8,4,2020-12-05
nikosal6ou,1,2,3,1,4,1,5,0,3,8,5,2020-11-11
johnny_pacino,4,1,-1,3,2,0,4,1,3,8,5,2020-06-13
karteroli1971,5,2,3,0,3,0,8,0,0,8,8,2020-06-12
Dimitris_Vlachos71,2,1,1,2,3,0,3,4,1,8,7,2020-06-10
Tzihalakis,5,2,5,0,5,0,8,0,0,8,8,2019-12-31
George_Mavros89,1,2,1,3,4,0,0,0,0,0,0,2019-12-10
centaur_print,5,2,5,1,6,0,8,0,0,8,8,2019-11-30
panos967,4,1,6,0,6,1,3,0,5,8,3,2019-10-02
Panits,4,1,2,0,2,0,6,0,2,8,6,2019-08-15
blue.john32,5,2,1,1,2,0,7,0,1,8,7,2019-08-10
Konstantinos_Mpantoulas,1,2,-3,6,3,0,0,0,8,8,0,2019-07-30
mihalismaestros,1,2,2,2,4,0,0,4,3,7,4,2019-07-27
Vasilis_Dimitratzos,5,2,1,0,1,1,8,0,0,8,8,2019-07-22
zorjim,1,2,-4,4,0,1,0,5,3,8,5,2019-07-10
teo_teo86,2,1,-2,3,1,0,1,4,3,8,5,2019-07-04
Karpathoulas_Drakouleiwn,4,1,2,0,2,0,8,0,0,8,8,2019-07-02
Manoliskomis,2,1,-3,3,0,0,0,2,5,7,2,2019-07-02
Kouris_2006,5,2,1,1,2,0,7,0,1,8,7,2019-06-29
Angelo_Sartao,5,2,0,1,1,0,8,0,0,8,8,2019-06-23
Dimklir,4,1,-1,1,0,1,8,0,0,8,8,2019-06-18
KwstasSf.,1,2,-1,4,3,0,4,1,3,8,5,2019-06-11
Hristos_Pappas,1,2,0,4,4,0,1,7,0,8,8,2019-06-09
pheniaarv,1,2,-3,5,2,1,7,1,0,8,8,2019-06-09
George_Mp1,5,2,5,0,5,0,8,0,0,8,8,2019-05-04
christosaggelis81,5,2,28,1,29,0,7,0,0,7,7,2019-01-25
LEYTERIS_MANATOS,5,2,0,0,0,1,8,0,0,8,8,2023-11-24
Stavros7035,1,2,0,0,0,0,5,1,2,8,6,2023-07-01
Giorgos_Evangelidis,4,1,1,0,1,0,6,0,2,8,6,2022-08-25
Nick_Christodoulou1119,3,0,6,1,7,0,7,1,0,8,8,2022-05-14
jo.politis,4,1,0,0,0,0,7,0,1,8,7,2024-03-11
kostas.ragousis.1,3,0,0,0,0,0,5,0,3,8,5,2023-12-19
santong7,4,1,2,0,2,0,6,0,2,8,6,2023-01-07
panfren,4,1,6,0,6,0,8,0,0,8,8,2022-03-14
georgios.galanopoulos,5,2,1,0,1,0,5,0,3,8,5,2024-01-10
Achilles_Economou,4,1,9,1,10,0,5,0,3,8,5,2023-04-09
Stauroula_sigma,5,2,0,0,0,0,8,0,0,8,8,2024-01-06
a_kourtalis1993,1,2,3,0,3,0,2,5,1,8,7,2022-10-11
George_Theodorakopoulos,1,2,2,0,2,0,1,5,2,8,6,2022-09-22
Kostas_Papastavrou,1,2,2,0,2,0,3,2,2,7,5,2021-09-14
kouts83,3,0,4,0,4,1,2,4,2,8,6,2020-12-09
MARKOS_FOYFOYLAS,3,0,-1,4,3,0,1,0,5,6,1,2020-03-23
john_statham,3,0,0,1,1,0,5,0,1,6,5,2023-11-02
giannisyamahaz,4,1,2,0,2,1,5,0,0,5,5,2023-08-21
Mario Fushaxhia,2,1,1,0,1,0,3,3,2,8,6,2023-03-08
parisr,5,2,0,0,0,1,5,0,1,6,5,2023-01-31
Dimitris_Mantzarapis,4,1,0,0,0,1,4,0,2,6,4,2023-01-31
miltos_b_,5,2,9,0,9,1,5,2,1,8,7,2021-08-04
max_papa,5,2,9,0,9,0,6,0,2,8,6,2021-06-11
tasos_siam,3,0,9,0,9,1,5,0,3,8,5,2021-04-09
ΤΑΣΟΣ_18,4,1,11,1,12,1,6,1,1,8,7,2020-12-15
Giorgos_Dermitzakis1602955913,4,1,9,4,13,1,4,0,1,5,4,2020-11-12
GG17,5,2,17,0,17,0,6,0,2,8,6,2020-08-22
kazanas0,4,1,1,6,7,0,8,0,0,8,8,2020-07-25
grigor74,2,1,2,8,10,0,1,4,3,8,5,2020-04-30
GEORGE PSILOS,1,2,-1,18,17,0,0,5,3,8,5,2019-11-15
Αντώνης Αρχοντάκης,5,2,6,2,8,1,4,2,2,8,6,2023-07-24
dimitris_klns,5,2,2,0,2,1,4,2,2,8,6,2023-06-25
Εχετλαίος#,5,2,1,0,1,1,5,0,0,5,5,2023-06-20
Leo_Pap,5,2,3,0,3,1,5,0,1,6,5,2023-05-08
DimitrisB.,4,1,3,1,4,1,3,0,3,6,3,2022-09-28
Dionysis_Stamatakis,3,0,-38,45,7,0,2,3,3,8,5,2022-07-14
john_wellroad,4,1,13,1,14,1,4,3,1,8,7,2021-09-15
bserem,3,0,9,9,18,0,1,0,1,2,1,2021-07-26
Anestis_Xanthopoulos9,4,1,8,4,12,1,3,2,3,8,5,2021-07-20
Maria_G_8749,4,1,1,0,1,0,2,0,6,8,2,2024-02-15
vassilis27_arg,3,0,6,0,6,0,1,1,2,4,2,2023-05-29
Aphrodite_Purple,3,0,1,0,1,0,3,1,3,7,4,2023-02-23
Andreas_Porfyrakis,5,2,2,0,2,1,7,0,1,8,7,2023-01-21
thacha47,4,1,-3,5,2,0,6,0,1,7,6,2023-01-20
Charalampos_Liaskas,5,2,13,0,13,0,4,0,4,8,4,2022-09-04
GIORGOS_MATZOURANAKIS,5,2,14,1,15,0,8,0,0,8,8,2022-04-05
Manos_Pitarokilis1627,3,0,18,1,19,0,1,1,6,8,2,2021-09-30
pantelis_giannis,4,1,5,2,7,0,5,3,0,8,8,2021-03-15
TZI_KLMT,4,1,1,1,2,1,6,0,2,8,6,2023-12-22
zartas,3,0,1,6,7,1,2,2,4,8,4,2023-08-19
Pantelis_Spyridakis,2,1,5,0,5,0,4,1,3,8,5,2021-09-14
Giota_Alisandratou,1,2,17,1,18,1,1,2,5,8,3,2021-07-31
ghost of sparta,3,0,-2,3,1,0,3,3,2,8,6,2022-11-06
Alekos_Lekos,3,0,2,0,2,0,1,1,6,8,2,2022-06-10
boskyriaki,3,0,5,1,6,0,1,3,4,8,4,2022-01-20
ASLANX,2,1,0,2,2,0,0,5,3,8,5,2022-01-03
Dimitris_Pantelis5193,4,1,2,1,3,1,6,1,1,8,7,2021-12-29
G1anak1s,4,1,-2,4,2,1,4,0,3,7,4,2021-12-22
niusert,4,1,0,2,2,0,7,0,1,8,7,2021-12-10
georgios.galanopoulos,5,2,7,0,7,0,5,0,3,8,5,2021-07-17
ANTONIS DERVI,2,1,-2,3,1,1,1,4,3,8,5,2021-04-22
Kimon_Dielas3712,4,1,2,1,3,0,5,0,3,8,5,2021-03-31
vdimitriou83,5,2,9,2,11,0,4,0,4,8,4,2021-03-03
grigorismar,4,1,2,3,5,0,4,0,4,8,4,2021-02-12
dimko123,5,2,4,1,5,0,4,2,2,8,6,2023-11-01
ferkokonstantinos,1,2,2,1,3,1,2,3,3,8,5,2022-09-06
Pantelis_Kintzonidis,4,1,6,0,6,0,6,1,1,8,7,2022-08-09
dimitrismpaltas,4,1,4,0,4,0,7,1,0,8,8,2022-08-06
vassolatin,1,2,0,1,1,1,0,8,0,8,8,2022-07-26
VASILIS_CHARALAMPIDIS,1,2,1,1,2,0,0,5,3,8,5,2022-07-13
andreas_brettos,5,2,0,0,0,0,3,1,3,7,4,2022-05-15
chatzidimitriou.i,5,2,6,0,6,1,8,0,0,8,8,2022-03-01
nidelkoss,3,0,2,2,4,0,2,3,3,8,5,2022-01-11
Panagiotis_Panagiotoglou,5,2,5,0,5,0,7,0,1,8,7,2021-12-18
georouv,1,2,1,0,1,1,0,3,5,8,3,2023-03-17
That_stoopid_gurl,3,0,2,0,2,0,1,3,3,7,4,2022-08-18
Konstantina :),5,2,0,0,0,0,3,0,4,7,3,2022-01-22
Constantin_X,2,1,0,0,0,1,1,2,5,8,3,2022-01-20
GIORGOS_CHAMALIDIS,1,2,2,0,2,0,3,3,2,8,6,2021-12-19
Giorgos_Giorgos99,4,1,1,0,1,1,5,0,3,8,5,2021-11-09
PANAGIOTIS_MORAITIS56,4,1,1,0,1,1,6,0,2,8,6,2021-11-09
mlskarampidis,1,2,3,2,5,1,1,3,4,8,4,2021-11-01
MANOLIS2004,1,2,3,1,4,0,2,5,1,8,7,2021-10-06
Vaggelis_Liapikos81,5,2,4,0,4,1,8,0,0,8,8,2021-09-06
Vaggelis_Liapikos81,5,2,3,1,4,0,7,0,1,8,7,2021-08-23
Chris3610,4,1,1,1,2,0,6,0,2,8,6,2021-07-13
info7145,5,2,1,2,3,1,5,0,0,5,5,2021-05-25
sfolkos_agel,3,0,-6,9,3,1,4,0,4,8,4,2021-04-06
SUPER_PUMA,5,2,4,5,9,0,8,0,0,8,8,2021-03-21
Manos_Androulakakis,1,2,0,9,9,1,1,2,1,4,3,2021-01-31
Πασχαλία Καραπασχάλη,5,2,12,1,13,1,6,0,0,6,6,2021-01-10
Tasos_Kondo,4,1,10,2,12,1,5,0,2,7,5,2020-11-24
Tria_Efta,1,2,8,0,8,0,0,0,0,0,0,2024-01-18
mkoutra82,1,2,0,0,0,0,1,2,3,6,3,2024-02-21
Kapon21,5,2,1,1,2,0,7,0,1,8,7,2022-11-30
George_Stiros,5,2,0,0,0,0,8,0,0,8,8,2024-03-10
donakos83,5,2,2,0,2,0,8,0,0,8,8,2024-03-09
AntMyst,4,1,4,1,5,0,2,0,0,2,2,2023-07-19
katsarolis02,1,2,4,0,4,0,0,5,1,6,5,2022-08-16
KAR_E,3,0,3,2,5,1,3,4,1,8,7,2019-12-03
kostas_k77,3,0,11,1,12,0,1,1,0,2,2,2017-06-18
George_Xanthopoulos58,2,1,-1,1,0,0,1,4,3,8,5,2023-10-09
btfly_,4,1,2,1,3,1,4,3,1,8,7,2023-01-31
Ioanna_Zervakakou,3,0,0,1,1,0,3,1,1,5,4,2023-01-03
Nikolaidis_Haralambos__Haris_O,3,0,-1,3,2,1,3,0,4,7,3,2022-11-21
z,5,2,9,0,9,0,6,0,2,8,6,2022-09-10
athanasia_sotiriou,4,1,5,0,5,0,4,2,2,8,6,2022-05-31
_____Galya_Evangelia_________V,5,2,11,0,11,1,4,0,4,8,4,2022-04-21
iap923,5,2,11,0,11,1,5,2,1,8,7,2022-04-10
MARIA_KOSTARA5015,5,2,7,1,8,0,8,0,0,8,8,2022-04-09
nicky_5spiti,5,2,9,0,9,0,6,0,1,7,6,2022-03-03
eirhnh5h_lef,5,2,8,0,8,0,8,0,0,8,8,2022-03-03
ella_vairli,5,2,14,0,14,0,5,0,3,8,5,2022-01-22
mamos2,5,2,8,0,8,1,5,0,3,8,5,2022-01-18
x-lag123,3,0,-1,2,1,0,1,3,4,8,4,2021-12-30
babis18,1,2,-14,16,2,1,0,8,0,8,8,2021-12-28
georgexaxou,3,0,0,2,2,1,4,1,3,8,5,2021-12-22
Jim_Germanos,5,2,4,1,5,1,7,0,1,8,7,2021-12-09
Mpampas2,5,2,7,1,8,1,2,2,4,8,4,2021-11-10
sofikou,4,1,2,1,3,1,4,2,2,8,6,2021-11-10
soulkint,5,2,8,1,9,1,5,0,3,8,5,2021-11-04
Manlis,3,0,-1,2,1,0,1,1,3,5,2,2021-10-08
mecanik_2007,2,1,-2,4,2,1,1,5,2,8,6,2021-09-07
tete78,5,2,2,0,2,1,6,0,2,8,6,2021-08-04
athanasios_athanasioss,1,2,-9,9,0,0,0,4,4,8,4,2021-07-22
Giorgios2_P,5,2,6,1,7,1,4,1,3,8,5,2021-04-13
zidane1,5,2,15,1,16,0,6,0,2,8,6,2021-02-19
ttsak,5,2,20,0,20,0,3,2,3,8,5,2020-10-17
tragos0004,2,1,0,1,1,0,2,4,2,8,6,2023-05-02
ΑΘΑΝΑΣΙΟΣ ΤΣΙΝΤΖΑΣ,1,2,0,0,0,1,0,6,2,8,6,2023-07-05
Geo_Dros,4,1,0,0,0,1,4,0,4,8,4,2022-12-27
echrysanthaki,5,2,0,0,0,1,5,0,0,5,5,2024-01-24
Michalis_Liakatellis,3,0,2,1,3,0,2,1,2,5,3,2020-01-08
gvnikos,3,0,3,0,3,0,2,2,3,7,4,2019-12-23
toumpio,1,2,2,0,2,0,1,5,0,6,6,2021-03-21
george.creta,2,1,0,0,0,1,0,3,5,8,3,2021-01-21
Pantelis_Niktas,4,1,0,1,1,1,3,2,3,8,5,2020-10-02
CHrysanthi_CHatzopoulou,1,2,1,0,1,0,0,8,0,8,8,2020-07-06
piccolo_gr,2,1,0,0,0,0,0,5,3,8,5,2020-06-20
Andreas_KAKALETRIS,1,2,3,0,3,0,0,8,0,8,8,2019-01-01
raceable,2,1,4,0,4,0,1,1,6,8,2,2018-12-19
thanasisgiannis88,1,2,3,1,4,0,0,6,1,7,6,2018-11-25
CHrysanthi_CHatzopoulou,1,2,2,0,2,0,0,8,0,8,8,2020-07-06
piccolo_gr,2,1,1,0,1,0,0,5,3,8,5,2020-06-20
Andreas_KAKALETRIS,1,2,4,0,4,0,0,8,0,8,8,2019-01-01
raceable,2,1,5,0,5,0,1,1,6,8,2,2018-12-19
thanasisgiannis88,1,2,4,1,5,0,0,6,1,7,6,2018-11-25
chris_str,1,2,29,1,30,0,0,7,1,8,7,2021-01-11
ALEXANDROS_KOURASANIS,1,2,27,2,29,0,0,8,0,8,8,2019-12-24
FaniTzatzaki,3,0,29,3,32,0,4,1,3,8,5,2018-09-22
dLazaros,5,2,1,0,1,0,8,0,0,8,8,2024-01-02
KaisonGR,5,2,2,0,2,1,8,0,0,8,8,2023-01-11
THeodoros_Vardaxis,5,2,1,1,2,1,8,0,0,8,8,2022-10-23
Thodwris_Kollias,5,2,6,0,6,0,7,0,1,8,7,2022-09-03
nikolaospantzos,4,1,1,0,1,1,6,0,1,7,6,2022-05-17
Kwtsalas_Anestis,4,1,1,2,3,1,6,1,1,8,7,2022-04-16
unskeptable,5,2,0,3,3,0,8,0,0,8,8,2019-12-26
stavros_mlls,4,1,0,2,2,0,0,0,0,0,0,2019-11-27
stamts78,3,0,-9,14,5,0,6,0,2,8,6,2019-11-06
ggemeliaris80,5,2,4,0,4,1,8,0,0,8,8,2019-10-22
Antonis Kourtikakis,5,2,9,0,9,0,8,0,0,8,8,2019-08-19
andreasdmc,5,2,-2,5,3,1,8,0,0,8,8,2019-08-10
vapip05,5,2,-1,4,3,0,8,0,0,8,8,2019-08-07
Dimitrios_Brougkas,5,2,14,0,14,0,7,0,0,7,7,2019-06-18
Gpaschoulis,5,2,18,0,18,1,7,0,1,8,7,2019-04-30
FateChanger,5,2,8,0,8,0,8,0,0,8,8,2019-04-09
pre10023,5,2,5,1,6,0,8,0,0,8,8,2019-03-06
mpiskotaki93,5,2,5,3,8,0,8,0,0,8,8,2019-01-30
JOHN_KARYDAS,5,2,9,4,13,0,8,0,0,8,8,2019-01-14
George_Papathanassiou,5,2,3,2,5,1,8,0,0,8,8,2019-01-11
Xristina_Mitsinikoli,5,2,1,0,1,0,7,0,1,8,7,2023-06-15
Tasos_Gialoyris,5,2,3,0,3,0,8,0,0,8,8,2023-01-30
John_Vantzos,5,2,1,1,2,1,8,0,0,8,8,2022-08-28
Physio,1,2,-6,13,7,0,3,1,4,8,4,2022-04-07
ghs_karas,5,2,6,1,7,0,8,0,0,8,8,2021-12-11
stavros_mlls,4,1,5,2,7,0,0,0,0,0,0,2021-01-07
matbardull,5,2,6,0,6,0,8,0,0,8,8,2020-09-05
Chuckie,5,2,9,0,9,0,8,0,0,8,8,2020-01-19
antonis_gavalas,5,2,3,0,3,0,8,0,0,8,8,2022-08-31
michaelfunk,5,2,2,0,2,0,8,0,0,8,8,2023-08-17
nikos_Peny,5,2,2,0,2,0,8,0,0,8,8,2023-02-25
Giorgos_papadakis7,5,2,1,2,3,0,8,0,0,8,8,2023-01-02
baliakos8,4,1,4,1,5,0,7,0,0,7,7,2021-08-18
George_Tramoudanis,5,2,5,0,5,0,8,0,0,8,8,2021-04-13
elky,4,1,0,3,3,0,5,1,2,8,6,2021-03-27
aggeluska,5,2,7,2,9,0,8,0,0,8,8,2021-03-07
v_vasilei,5,2,7,1,8,0,8,0,0,8,8,2021-01-07
Alexa.mm,3,0,3,3,6,0,5,0,3,8,5,2022-09-21
Artedimi,3,0,2,1,3,0,6,0,2,8,6,2022-08-06
tassos79,2,1,-21,29,8,1,7,0,1,8,7,2022-05-03
Nicoletta_K_,5,2,11,1,12,1,7,0,0,7,7,2022-03-16
mkatsan,4,1,35,5,40,0,7,0,1,8,7,2022-02-13
orestis_giokas,5,2,15,3,18,0,8,0,0,8,8,2022-02-07
Dim46,2,1,-6,7,1,1,3,1,3,7,4,2023-10-31
sotirispapakon,5,2,1,0,1,1,6,0,0,6,6,2023-10-25
Angelos_Chantavas,2,1,-8,12,4,1,0,2,6,8,2,2023-06-23
mp44christos,5,2,-1,2,1,0,8,0,0,8,8,2023-03-27
kostgav,1,2,-10,22,12,0,5,1,2,8,6,2023-03-11
jolas177,5,2,-4,6,2,1,8,0,0,8,8,2023-03-10
giannis_petridis92,5,2,0,1,1,1,8,0,0,8,8,2023-01-31
Nikos_Original87,5,2,-1,2,1,0,7,0,1,8,7,2023-01-21
apapape,4,1,-18,23,5,1,7,0,1,8,7,2022-12-25
chris_kamp344,1,2,-45,49,4,1,0,3,5,8,3,2022-12-22
nik_papa7096,5,2,6,2,8,1,8,0,0,8,8,2022-12-14
victortremmas,5,2,10,1,11,1,7,0,1,8,7,2022-11-29
theo91192,5,2,14,1,15,1,8,0,0,8,8,2022-07-28
definitely not me,3,0,0,9,9,0,7,0,1,8,7,2022-07-27
agorf,4,1,12,6,18,1,7,0,1,8,7,2022-07-13
Ioannis_Vasileiadis,5,2,18,1,19,1,8,0,0,8,8,2022-02-21
User_Friendly,4,1,-21,30,9,0,6,0,2,8,6,2022-02-13
sailor7733,5,2,-4,10,6,0,8,0,0,8,8,2022-02-07
Stathis_Vafeiadis,5,2,9,4,13,0,8,0,0,8,8,2022-02-06
Kounavion,5,2,5,8,13,1,8,0,0,8,8,2022-01-18
thomas.greece,4,1,6,7,13,0,7,0,1,8,7,2022-01-09
Giorgos_Stagkos,2,1,1,0,1,0,5,2,1,8,7,2024-03-08
paha1971,5,2,0,0,0,0,8,0,0,8,8,2024-01-30
Athanasios_Matsoukas,5,2,0,0,0,0,8,0,0,8,8,2024-01-04
andreas.kontos,4,1,-3,3,0,1,7,1,0,8,8,2023-12-11
Sira_Vals,3,0,1,2,3,0,1,4,2,7,5,2023-10-28
christosfx,5,2,5,1,6,0,7,0,1,8,7,2023-10-21
Gus K,3,0,-3,5,2,1,5,1,1,7,6,2023-10-11
Kl_Mp,3,0,2,0,2,0,5,0,2,7,5,2023-10-02
Goksel_Bulut,4,1,-6,6,0,1,5,3,0,8,8,2023-09-17
Konstantinos_Nasopoulos,4,1,-4,4,0,1,7,0,0,7,7,2023-09-12
VASILIS_k10,5,2,7,2,9,0,8,0,0,8,8,2023-09-05
W3R,5,2,3,0,3,1,6,0,2,8,6,2023-08-22
stevi_moraiti,1,2,-43,45,2,0,4,4,0,8,8,2023-08-14
Aggelos_M9455,5,2,5,1,6,1,6,0,2,8,6,2023-08-07
Kan Enas,5,2,3,1,4,0,8,0,0,8,8,2023-07-22
Konstantinos_Chatzizisis,5,2,4,1,5,1,8,0,0,8,8,2023-06-18
Agapi_Mpampili,5,2,3,1,4,1,7,0,1,8,7,2023-06-14
remixz99,5,2,8,1,9,0,8,0,0,8,8,2023-05-27
Costas β,1,2,-19,21,2,0,0,8,0,8,8,2023-05-25
Eyagelos_Ntalas,5,2,6,1,7,1,8,0,0,8,8,2023-05-24
kristo_gjoni,3,0,-12,14,2,0,7,0,1,8,7,2023-05-14
Papageno22,4,1,-1,4,3,1,6,1,1,8,7,2023-05-13
arpa56,5,2,5,0,5,1,8,0,0,8,8,2024-01-16
gboletsis1977,5,2,11,0,11,0,8,0,0,8,8,2023-12-28
mike_gl,5,2,4,0,4,0,8,0,0,8,8,2023-12-14
Kostas_Pentakis,5,2,16,1,17,1,8,0,0,8,8,2023-11-03
Ecosip,5,2,1,2,3,1,8,0,0,8,8,2023-09-12
Henrietta_Chamalidou,3,0,-70,74,4,0,1,2,5,8,3,2023-09-09
Nuttech_Co_,2,1,-49,53,4,1,3,1,1,5,4,2023-09-05
Billie1926,5,2,2,2,4,1,6,0,2,8,6,2023-07-01
mixalis1204,2,1,-26,32,6,0,3,0,5,8,3,2023-06-23
G1ann1s_12,3,0,-26,34,8,1,2,3,3,8,5,2023-06-09
mixail_aggelos05,5,2,19,4,23,0,7,0,1,8,7,2023-05-23
skoylikomirmigkoskotono,5,2,5,0,5,0,7,0,1,8,7,2023-05-20
Alexandros_Vekiloglou,5,2,7,0,7,1,5,0,3,8,5,2023-04-25
mankasg,5,2,1,5,6,1,8,0,0,8,8,2023-04-14
billy.panagopoulos,5,2,4,1,5,0,7,0,1,8,7,2023-04-11
antathanaso,5,2,7,1,8,1,8,0,0,8,8,2023-04-03
Aineias_Manousis,4,1,14,2,16,1,7,0,1,8,7,2023-03-26
jouvounou,5,2,11,2,13,0,8,0,0,8,8,2023-03-09
gpant,3,0,-3,15,12,1,5,1,2,8,6,2023-03-06
Sinikka,5,2,23,2,25,0,8,0,0,8,8,2023-01-28
bardoc,4,1,18,17,35,0,6,1,1,8,7,2022-12-07
darkology,5,2,18,1,19,0,8,0,0,8,8,2022-11-07
Henrietta_Chamalidou,3,0,-71,75,4,0,1,2,5,8,3,2023-09-09
Nuttech_Co_,2,1,-51,55,4,1,3,1,1,5,4,2023-09-05
Nuttech_Co_,2,1,-52,56,4,1,3,1,1,5,4,2023-09-05
arpa56,5,2,4,0,4,1,8,0,0,8,8,2024-01-16
gboletsis1977,5,2,10,0,10,0,8,0,0,8,8,2023-12-28
Henrietta_Chamalidou,3,0,-68,72,4,0,1,2,5,8,3,2023-09-09
Nuttech_Co_,2,1,-44,48,4,1,3,1,1,5,4,2023-09-05
Δημήτρης Καραντινόπουλος,5,2,12,1,13,1,7,0,1,8,7,2023-12-21
kgatz13,5,2,3,1,4,1,8,0,0,8,8,2023-12-12
THod_Tsi,2,1,-6,9,3,0,0,1,0,1,1,2023-11-27
Agathi_T_,5,2,-2,3,1,1,7,0,1,8,7,2023-11-08
Spyros Maris,3,0,4,1,5,1,6,0,2,8,6,2023-09-19
stelios1495976528,3,0,0,3,3,0,6,1,1,8,7,2023-09-15
Antonis_Christou9382,3,0,1,3,4,1,6,0,2,8,6,2023-07-25
Costas_Perivolarakis,2,1,-1,8,7,0,4,0,3,7,4,2023-07-13
lokakithedog,4,1,1,8,9,1,7,0,1,8,7,2023-05-02
manolis_,5,2,10,1,11,0,7,0,1,8,7,2023-04-20
Apostolis_Michailidis,5,2,4,3,7,0,7,0,1,8,7,2023-04-15
Kim_Man,5,2,6,2,8,1,8,0,0,8,8,2023-03-28
Dimitris_Dimitriadis,4,1,11,1,12,0,5,1,2,8,6,2023-02-27
Ducatisti92,5,2,31,1,32,0,8,0,0,8,8,2023-01-23
Scarab,5,2,7,10,17,0,8,0,0,8,8,2023-01-22
teok28,5,2,30,8,38,0,8,0,0,8,8,2023-01-14
mariomele95,5,2,12,6,18,0,8,0,0,8,8,2022-12-31
Vasilis_Fouroulis,5,2,16,1,17,1,7,0,1,8,7,2022-12-28
Petros 123,5,2,9,7,16,0,8,0,0,8,8,2022-12-27
Kostas Kritikos,2,1,-47,76,29,0,6,1,1,8,7,2022-12-26
Antonis/techitnews,5,2,-29,40,11,0,8,0,0,8,8,2022-12-09
aris_rapsomanikis,4,1,-134,145,11,0,7,0,1,8,7,2022-11-12
CHristos_CHatzinikos,5,2,0,1,1,0,7,0,1,8,7,2024-03-09
eri_bouraz,4,1,2,0,2,0,6,0,2,8,6,2024-02-28
Michalis M.,4,1,5,0,5,0,8,0,0,8,8,2024-02-27
kyriakidd,5,2,1,0,1,1,8,0,0,8,8,2024-02-25
snegov33,2,1,-5,6,1,1,2,1,5,8,3,2024-02-24
stamts78,2,1,-5,8,3,1,5,0,3,8,5,2024-01-15
tsardelidisa,4,1,8,0,8,1,7,0,1,8,7,2023-11-21
George Meachim,4,1,1,1,2,1,6,1,1,8,7,2023-11-21
Koutras_Georgios,5,2,0,1,1,1,8,0,0,8,8,2023-11-07
panos3313,4,1,2,0,2,0,6,1,1,8,7,2023-11-06
monoimoi,3,0,4,6,10,1,6,0,2,8,6,2023-08-29
nikosvar3d,4,1,8,4,12,1,5,0,3,8,5,2023-07-26
stavroula23,2,1,-54,61,7,1,1,3,1,5,4,2023-07-15
tariq.ante,5,2,0,6,6,0,7,0,1,8,7,2023-07-06
Alexis_Kefalas,3,0,-7,16,9,1,4,0,4,8,4,2023-06-27
solshp66,5,2,14,1,15,1,8,0,0,8,8,2023-06-16
Koutsibest,5,2,9,3,12,0,6,2,0,8,8,2023-06-15
kostadinos77,4,1,0,1,1,0,7,0,1,8,7,2023-06-09
tsardelidisa,4,1,8,0,8,1,7,0,1,8,7,2023-11-21
Panagiotis_Papadopoulos27,5,2,3,0,3,0,8,0,0,8,8,2024-03-07
ElpatronLT,5,2,0,1,1,1,7,0,1,8,7,2024-02-27
Aikkon,2,1,-40,44,4,0,3,2,3,8,5,2024-02-10
eleleft,2,1,2,11,13,0,4,2,2,8,6,2024-02-03
sinak7,5,2,31,0,31,1,8,0,0,8,8,2024-01-15
gramer961,2,1,-12,36,24,0,4,2,2,8,6,2023-12-23
Apostolos Batsaras,4,1,15,2,17,1,8,0,0,8,8,2023-12-16
kiriakidis.pm,5,2,12,3,15,1,7,0,0,7,7,2023-12-06
george.ts12345,5,2,0,0,0,0,7,0,0,7,7,2024-03-15
Panagiotis_Papadopoulos27,5,2,3,1,4,0,8,0,0,8,8,2024-03-07
Aikkon,2,1,-43,47,4,0,3,2,3,8,5,2024-02-10
eleleft,2,1,3,11,14,0,4,2,2,8,6,2024-02-03
oti_nane_Episis,1,2,-10,13,3,1,4,2,2,8,6,2024-03-03
ENKI2,5,2,3,1,4,0,8,0,0,8,8,2024-02-18
alikoudaki,5,2,24,1,25,0,8,0,0,8,8,2024-02-10
mgotsopoulos,3,0,-24,41,17,1,7,0,1,8,7,2024-01-04
Antonis/techitnews,4,1,10,21,31,0,7,0,1,8,7,2023-12-04
mitsiklas13,4,1,1,6,7,0,6,0,2,8,6,2023-11-28
Giannis70,2,1,-42,88,46,0,0,0,0,0,0,2023-11-10
oti_nane_Episis,1,2,-8,11,3,1,4,2,2,8,6,2024-03-03
ENKI2,5,2,2,1,3,0,8,0,0,8,8,2024-02-18
alikoudaki,5,2,23,1,24,0,8,0,0,8,8,2024-02-10
mgotsopoulos,3,0,-24,40,16,1,7,0,1,8,7,2024-01-04
oti_nane_Episis,1,2,-10,13,3,1,4,2,2,8,6,2024-03-03
oti_nane_Episis,1,2,-6,9,3,1,4,2,2,8,6,2024-03-03
alikoudaki,5,2,21,1,22,0,8,0,0,8,8,2024-02-10
mgotsopoulos,3,0,-23,39,16,1,7,0,1,8,7,2024-01-04
mitsiklas13,4,1,0,6,6,0,6,0,2,8,6,2023-11-28
e_p_M_M,4,1,0,0,0,1,8,0,0,8,8,2024-03-13
jbqwerty,5,2,1,0,1,1,6,0,0,6,6,2024-02-20
Nasosred,3,0,0,0,0,1,4,3,1,8,7,2024-02-15
bob731,3,0,0,0,0,1,1,3,3,7,4,2024-02-06
nantofs,5,2,2,0,2,1,6,2,0,8,8,2023-06-01
jdskarts,5,2,0,0,0,0,7,0,1,8,7,2023-09-25
Apostolhs_Vazouras,2,1,0,0,0,1,3,2,3,8,5,2023-05-17
gianna.aua,3,0,1,1,2,1,2,1,0,3,3,2023-03-30
George_Papadimitriou6635,1,2,0,0,0,0,0,8,0,8,8,2023-03-11
Zoi_Nona,3,0,1,0,1,0,3,2,3,8,5,2022-02-08
Kreshnik_Bataj,4,1,4,0,4,0,5,0,3,8,5,2022-07-18
maddie,5,2,1,0,1,0,8,0,0,8,8,2022-04-24
Blackbird1215,5,2,1,0,1,0,7,0,1,8,7,2022-04-03
Stef_Tz,5,2,1,0,1,0,6,0,2,8,6,2022-03-19
Kwnstantaras,4,1,2,0,2,0,7,0,1,8,7,2021-09-18
Andreas_Chas,5,2,2,1,3,0,8,0,0,8,8,2021-04-26
Gamer_Kama,5,2,4,0,4,0,8,0,0,8,8,2021-01-18
bill123456,5,2,3,0,3,0,8,0,0,8,8,2021-01-12
pakos6,5,2,2,0,2,0,7,0,1,8,7,2020-12-28
Giorgos_Daskalakis1552570066,4,1,1,1,2,0,7,0,1,8,7,2020-11-20
Kl_Mp,2,1,-3,7,4,0,3,1,3,7,4,2020-09-18
Giorgz,4,1,1,2,3,0,6,0,2,8,6,2020-08-10
odytil,5,2,3,0,3,1,8,0,0,8,8,2020-06-19
Mr_Trurh,5,2,4,1,5,0,8,0,0,8,8,2020-06-18
katapliktikos,5,2,-1,2,1,0,8,0,0,8,8,2020-06-10
Giannhs_AK47,5,2,2,0,2,0,8,0,0,8,8,2020-06-04
asteriskgr,5,2,-1,3,2,1,8,0,0,8,8,2020-05-16
Chrisa__ly,5,2,4,0,4,0,5,0,3,8,5,2020-03-22
giann.george,5,2,5,0,5,0,8,0,0,8,8,2020-02-05
Bill_The_Greek16,4,1,-6,9,3,0,6,0,2,8,6,2020-01-28
Panos_Adamopoulos,5,2,6,0,6,0,8,0,0,8,8,2020-01-23
Diavolicas,3,0,-3,10,7,0,3,1,4,8,4,2020-01-08
Marios_Tsoukalas,5,2,9,1,10,0,8,0,0,8,8,2019-12-17
ALEXANDROS_PAPADOPOULOS2,4,1,10,2,12,1,7,0,1,8,7,2019-10-29
sindromo,5,2,3,7,10,0,8,0,0,8,8,2019-10-20
GEORGIOS_DIMOU20,5,2,0,0,0,0,7,0,1,8,7,2024-02-15
steliosbats,5,2,0,0,0,0,8,0,0,8,8,2024-02-06
Georgia Evaggelia M.,5,2,1,0,1,0,8,0,0,8,8,2024-01-20
georgeavramidis25,5,2,0,0,0,0,7,0,1,8,7,2021-11-24
Eirini_Spi,5,2,3,1,4,0,8,0,0,8,8,2021-10-05
Eythymios_Kanellopoulos58,5,2,3,0,3,0,8,0,0,8,8,2021-08-05
dimitris.matsamakis,5,2,2,0,2,0,7,0,1,8,7,2021-04-10
Joni_Muka,5,2,6,0,6,0,6,0,1,7,6,2021-03-17
stefblog3,5,2,6,1,7,0,8,0,0,8,8,2021-02-06
dsoftas,5,2,5,0,5,0,7,0,1,8,7,2020-12-09
stefanos A.,5,2,5,1,6,0,8,0,0,8,8,2020-05-26
thanosdbfan,5,2,4,1,5,1,8,0,0,8,8,2020-05-18
Γιώργος βρ,5,2,4,1,5,0,8,0,0,8,8,2020-05-07
Tsiros07,4,1,-2,8,6,0,8,0,0,8,8,2020-05-06
Konstantinos_CHatzikonstantis,5,2,10,7,17,0,8,0,0,8,8,2020-04-09
DIMITRIS_PATELIS24,5,2,10,4,14,0,5,0,1,6,5,2020-03-31
Jar_Theo,5,2,14,4,18,1,8,0,0,8,8,2020-02-25
Apo. Koul.,5,2,9,1,10,1,6,0,1,7,6,2020-02-25
grgoofy,5,2,14,3,17,0,8,0,0,8,8,2020-01-31
egodemis,5,2,10,3,13,0,8,0,0,8,8,2019-12-28
dghasiotis,5,2,10,0,10,0,8,0,0,8,8,2019-11-18
Μητσάρας Στεργίου,5,2,11,2,13,0,6,0,2,8,6,2019-10-25
Ektoras_Nikolaou,5,2,11,12,23,0,7,0,0,7,7,2019-08-22
andreas.lyk,1,2,-3,3,0,1,3,4,1,8,7,2023-12-03
Margic199203_Sedouka,5,2,2,1,3,0,8,0,0,8,8,2023-11-20
nikimarilou,5,2,3,0,3,0,6,0,2,8,6,2023-11-11
Nikos_Papanikolaou1598953671,5,2,14,0,14,0,6,0,2,8,6,2023-05-02
nj.,5,2,3,1,4,1,6,0,1,7,6,2023-04-22
georgio1518,5,2,6,0,6,0,8,0,0,8,8,2023-02-19
aytokollita,1,2,-10,14,4,0,3,1,4,8,4,2023-02-09
geo_karol,1,2,-16,21,5,0,0,8,0,8,8,2023-01-17
GRX_Nikos,5,2,5,0,5,0,6,0,2,8,6,2022-12-23
Stavrakac,4,1,1,4,5,1,5,0,3,8,5,2022-11-14
VASILISS_MEGR,5,2,8,0,8,1,6,0,2,8,6,2022-10-02
gregv74,5,2,9,0,9,0,8,0,0,8,8,2022-09-30
Andreanaki,5,2,8,0,8,0,8,0,0,8,8,2022-09-08
GR1976,4,1,0,6,6,0,5,0,2,7,5,2022-08-30
odysseas_bair,5,2,8,0,8,1,8,0,0,8,8,2022-08-26
pepe_pepito6121,4,1,1,3,4,0,7,0,1,8,7,2022-08-14
xpal7377,4,1,-12,12,0,0,6,0,1,7,6,2022-06-25
chrysi13,2,1,-32,36,4,0,1,3,4,8,4,2022-06-17
Vasilis_Demos,5,2,14,0,14,1,8,0,0,8,8,2022-06-03
GEORGIOS_KANDRIS,5,2,1,2,3,1,8,0,0,8,8,2022-06-03
evi6400,4,1,-25,27,2,0,3,2,3,8,5,2022-05-25
Illuminatus,5,2,11,0,11,1,8,0,0,8,8,2022-05-10
man_katsara,5,2,14,2,16,0,8,0,0,8,8,2022-05-08
Mixalis T.,5,2,13,0,13,1,6,0,2,8,6,2022-04-21
aytokollita,1,2,-11,14,3,0,3,1,4,8,4,2023-02-09
manolo_manolopoulos,5,2,0,0,0,1,8,0,0,8,8,2024-02-10
kostasra,4,1,2,0,2,0,5,0,3,8,5,2023-12-12
elli_williams,3,0,-6,8,2,0,4,0,4,8,4,2023-11-01
Gerasimos_Stanitsas,4,1,7,0,7,0,6,0,2,8,6,2023-07-13
georgegalatianos,5,2,9,1,10,0,7,0,1,8,7,2023-04-14
MANOS_VRET,5,2,15,0,15,0,8,0,0,8,8,2023-04-04
PANOS_TSOKAS55,5,2,10,0,10,0,8,0,0,8,8,2023-03-24
georgeavramidis25,5,2,5,4,9,0,8,0,0,8,8,2023-02-20
kantonop,4,1,4,1,5,1,6,0,2,8,6,2023-02-07
aidinidi,5,2,25,1,26,0,8,0,0,8,8,2022-10-14
KOSTAS_STAYROPOULOS25,5,2,0,0,0,1,8,0,0,8,8,2024-02-27
elli_williams,3,0,-5,8,3,0,4,0,4,8,4,2023-11-01
IOANNISGLOBAL,3,0,-6,6,0,0,4,1,3,8,5,2024-02-05
konstantinoss71,5,2,5,0,5,0,8,0,0,8,8,2024-01-24
sakisanestidis1989,5,2,1,0,1,0,8,0,0,8,8,2024-01-17
danielbalko,5,2,6,0,6,1,7,0,1,8,7,2024-01-02
Gregory_Plaskasovitis,5,2,7,0,7,0,7,0,1,8,7,2023-12-24
Spyros_Kouris8536,4,1,10,3,13,0,7,0,1,8,7,2023-10-26
Steve_ThorogoodRockers,5,2,9,2,11,0,6,1,0,7,7,2023-10-26
MickPago,5,2,16,2,18,0,7,0,1,8,7,2023-10-19
Konstantina_PSalti8159,5,2,14,1,15,1,8,0,0,8,8,2023-08-19
IOANNISGLOBAL,1,2,-9,10,1,0,4,1,3,8,5,2024-02-05
konstantinoss71,5,2,6,2,8,0,8,0,0,8,8,2024-01-24
sakisanestidis1989,5,2,0,1,1,0,8,0,0,8,8,2024-01-17
MickPago,5,2,15,3,18,0,7,0,1,8,7,2023-10-19
Konstantina_PSalti8159,5,2,15,1,16,1,8,0,0,8,8,2023-08-19
mihalis_rethymno,5,2,-2,3,1,0,8,0,0,8,8,2024-02-02
nstivachtopoulos,4,1,1,0,1,1,6,0,2,8,6,2024-02-02
Anastasia_Armenatzoglou,5,2,1,0,1,0,8,0,0,8,8,2023-11-30
ElliCabri,5,2,8,1,9,0,6,0,2,8,6,2023-07-26
katrinpanth,4,1,0,0,0,1,6,0,0,6,6,2024-01-20
Mitso_kleas,5,2,0,0,0,1,7,0,1,8,7,2023-10-31
Natalia_CH_,4,1,0,0,0,0,3,0,5,8,3,2023-09-26
charilaos_taliadoros,4,1,1,1,2,0,7,0,1,8,7,2023-07-11
michael_Giannakoudakis,5,2,4,2,6,1,8,0,0,8,8,2022-12-27
eva_mos,5,2,2,0,2,1,7,0,1,8,7,2024-02-27
Eystathia_Mataraga,5,2,6,0,6,0,8,0,0,8,8,2024-02-02
BillPts,5,2,7,1,8,0,7,0,1,8,7,2024-01-09
AnzeloK,5,2,13,0,13,1,7,0,1,8,7,2023-12-22
stajor61,3,0,0,2,2,1,3,0,3,6,3,2023-11-27
melaxrinos9512,3,0,-15,25,10,0,4,0,3,7,4,2023-11-26
Athanasios_Chadimoglou,4,1,4,4,8,0,7,0,1,8,7,2023-11-03
giannis_koliatos9,4,1,2,1,3,1,0,0,2,2,0,2023-10-31
marwa_toumi,5,2,17,2,19,1,8,0,0,8,8,2023-10-27
Konstantinos_Mantzanas2980,5,2,33,0,33,0,8,0,0,8,8,2023-10-15
George_Tsitsis,5,2,18,3,21,0,7,0,1,8,7,2023-08-05
George_Nismo,4,1,29,0,29,1,7,0,1,8,7,2023-07-22
Sapadak,5,2,1,0,1,1,7,0,1,8,7,2023-08-29
peridi,4,1,20,1,21,1,5,0,3,8,5,2022-10-24
sakkatos,5,2,10,0,10,0,8,0,0,8,8,2022-08-08
fil_serpiko,4,1,7,0,7,0,4,0,4,8,4,2023-10-08
Flyer_travelboy,1,2,-3,7,4,0,1,3,3,7,4,2023-09-03
MARINA_8,4,1,0,0,0,1,6,0,2,8,6,2024-03-04
BalosC,4,1,9,1,10,0,7,0,1,8,7,2023-06-12
gerjmk,4,1,0,0,0,0,5,0,2,7,5,2023-04-20
Dimitris_Michalodimitrakis,5,2,0,0,0,0,8,0,0,8,8,2022-02-07
Tommy GR,5,2,5,0,5,0,8,0,0,8,8,2024-02-13
askme.inter,5,2,13,11,24,0,8,0,0,8,8,2023-06-26
Ann_Takamaki,5,2,5,0,5,0,8,0,0,8,8,2023-10-19
katalanosg1,1,2,2,3,5,0,4,2,2,8,6,2023-10-15
Aggeliki_Vamvaka28,2,1,1,2,3,0,1,4,3,8,5,2023-10-13
K_E2722,2,1,-6,10,4,0,4,1,3,8,5,2023-09-08
Thanasis_Tzalkov,5,2,2,1,3,1,7,0,1,8,7,2023-09-06
mathiu_83,2,1,-16,20,4,0,3,1,4,8,4,2023-04-21
geogatas,3,0,-13,21,8,0,2,3,3,8,5,2023-01-01
mikis__gr,5,2,0,0,0,0,6,0,2,8,6,2024-03-09
minasnikaia1965,1,2,-4,5,1,0,0,4,4,8,4,2024-01-12
fotis_strif,4,1,24,1,25,0,6,0,2,8,6,2023-07-15
Maria_Mairilou,2,1,-2,2,0,0,1,4,3,8,5,2024-01-03
Konstantina_Papavasileiou6818,5,2,0,1,1,0,6,0,2,8,6,2023-02-25
Marios_Mpotsaris,4,1,0,6,6,0,6,0,2,8,6,2022-09-25
g_iboss,5,2,12,2,14,0,7,1,0,8,8,2022-07-01
Christina Tzanne,3,0,-2,10,8,1,6,0,2,8,6,2022-05-25
georgets82,2,1,-7,16,9,1,4,0,4,8,4,2022-01-22
cardamis,5,2,24,5,29,0,8,0,0,8,8,2022-01-22
jean_vangreek,3,0,-4,18,14,0,4,0,4,8,4,2021-12-22
Laz4ros,4,1,-1,1,0,0,6,0,2,8,6,2024-02-11
Spyros_Triantopoulos,3,0,4,0,4,0,7,0,1,8,7,2023-12-25
thanoskaradontis,1,2,-14,17,3,0,4,1,3,8,5,2023-10-14
Konstantinos_Psomas,2,1,-27,33,6,0,1,0,0,1,1,2023-07-04
Maria_Maraki3044,1,2,-28,32,4,0,0,4,4,8,4,2023-07-02
georgemilios6,5,2,7,0,7,0,7,0,1,8,7,2023-06-27
Katia_Ts1152,3,0,-6,10,4,1,6,1,1,8,7,2023-06-16
giannisdil79,4,1,3,1,4,0,6,0,2,8,6,2023-06-10
ConstantineBarolas,5,2,5,0,5,0,7,0,1,8,7,2023-06-07
antonistsassis,5,2,4,0,4,0,7,0,1,8,7,2023-05-27
STRATOS_STRATOY,5,2,5,1,6,0,8,0,0,8,8,2023-04-06
Fenia_Vaciliadou,5,2,7,0,7,1,7,0,1,8,7,2023-04-04
ElenaElen,5,2,6,0,6,0,8,0,0,8,8,2023-03-27
Giannis_Kalimeris7634,4,1,4,0,4,0,1,0,0,1,1,2023-03-14
manoskoutsos,3,0,0,2,2,1,6,1,1,8,7,2023-03-11
Avalagne_RVA,5,2,3,2,5,1,7,0,1,8,7,2023-02-09
nm_1973,5,2,6,1,7,0,7,0,1,8,7,2023-02-07
L@mbr0s1986,5,2,5,2,7,1,8,0,0,8,8,2023-02-02
Ioannis_Tt__N_Galis_1_2_3_,3,0,-10,13,3,1,5,1,2,8,6,2023-02-01
kbaska65,4,1,1,0,1,1,7,0,1,8,7,2023-01-31
Jimangas,4,1,1,0,1,1,7,0,1,8,7,2023-01-31
rothgar666,5,2,3,1,4,0,8,0,0,8,8,2023-01-30
Mairav28,3,0,-1,3,2,0,7,1,0,8,8,2023-01-22
elunitta,5,2,12,0,12,0,8,0,0,8,8,2023-01-18
Pant Agiou,3,0,1,4,5,0,4,1,3,8,5,2023-01-18
sotiriafytopoulou,5,2,1,0,1,0,8,0,0,8,8,2024-02-04
Alexandros_Georgallis,2,1,0,1,1,0,3,2,3,8,5,2024-01-25
John_Havdi6950,3,0,0,2,2,0,5,0,3,8,5,2024-01-03
manoskolios,4,1,1,1,2,1,7,0,0,7,7,2023-12-26
09 15,2,1,-6,11,5,0,7,0,1,8,7,2023-10-04
nikxid,1,2,-6,13,7,0,1,3,4,8,4,2023-06-25
G68,4,1,3,1,4,0,7,1,0,8,8,2023-05-22
elenantonis,5,2,6,2,8,0,6,0,2,8,6,2023-05-11
gio2006,5,2,2,4,6,1,8,0,0,8,8,2023-05-02
CHristos_Ivanovits,5,2,7,1,8,1,8,0,0,8,8,2023-01-24
Jimgame75 YouTube,4,1,3,0,3,1,5,0,2,7,5,2023-01-16
Nikos_Daskoulias,3,0,0,7,7,1,3,1,4,8,4,2023-01-03
Sila_Lappa,5,2,12,1,13,1,7,0,1,8,7,2022-10-03
Anna_Maria_Gavala,4,1,10,3,13,0,5,0,3,8,5,2022-09-18
vksampis9598,5,2,8,3,11,0,8,0,0,8,8,2022-08-29
sylvester.trelone,5,2,3,7,10,1,8,0,0,8,8,2022-08-18
Antonis_Kritsimis,4,1,12,1,13,0,7,0,1,8,7,2022-07-19
vaggeliskalaitzis,3,0,-98,100,2,1,5,1,1,7,6,2022-06-13
Vivian_Lionaki,4,1,10,8,18,0,6,0,2,8,6,2022-04-29
nikospao13kappatos,1,2,-107,116,9,0,0,4,0,4,4,2022-04-08
Bananas_13,3,0,-1,1,0,0,2,4,2,8,6,2024-03-04
Anita_Vasileva26,1,2,-4,4,0,0,1,5,2,8,6,2023-06-15
voyla_voytsioti,4,1,-2,3,1,1,6,0,2,8,6,2023-03-08
zoxan14,4,1,-2,9,7,1,6,0,2,8,6,2022-10-30
SAPERE_AUDE,5,2,3,2,5,1,8,0,0,8,8,2022-10-11
thomas130170709,2,1,-3,8,5,0,3,1,4,8,4,2022-09-30
Spiros_Komninos,5,2,17,1,18,0,8,0,0,8,8,2022-09-03
gkfazer,4,1,6,1,7,0,7,0,1,8,7,2022-08-21
giannis93kar,5,2,13,1,14,0,8,0,0,8,8,2022-08-05
Eleni_Psochiou25,4,1,0,0,0,0,6,0,2,8,6,2023-12-31
beanpoleuk,1,2,-3,3,0,1,4,1,2,7,5,2023-09-13
ntinoyli,1,2,-9,9,0,0,0,5,3,8,5,2023-08-02
Makis_MENTIS802,5,2,3,0,3,0,8,0,0,8,8,2023-07-26
George_Georgako,5,2,10,1,11,1,7,0,1,8,7,2023-01-30
Alexandra_bm,2,1,-37,51,14,0,7,0,1,8,7,2023-01-23
Antonis/techitnews,4,1,6,0,6,0,5,0,3,8,5,2023-01-17
Lemonotiros_7,2,1,-34,42,8,0,3,1,4,8,4,2023-01-14
Kon_s_Games,3,0,1,2,3,0,5,0,3,8,5,2023-05-14
Masmanidouu,4,1,3,1,4,0,4,0,4,8,4,2023-01-04
Vasilis_Karagiannis5683,3,0,3,1,4,0,4,1,3,8,5,2022-07-18
cristos_economoy,5,2,2,1,3,0,8,0,0,8,8,2022-06-03
Stratoula_Kf_,5,2,4,2,6,1,8,0,0,8,8,2021-12-25
constantinosbou,1,2,-7,15,8,1,1,7,0,8,8,2021-11-06
maria_kara75,4,1,4,2,6,0,6,0,2,8,6,2021-10-16
Nikoletta_Paraskeyopoulou5731,4,1,2,2,4,1,5,0,3,8,5,2021-09-09
Rafail_Plomaritis,5,2,6,2,8,0,8,0,0,8,8,2021-08-16
DimitrisMstr,3,0,4,4,8,1,8,0,0,8,8,2021-08-05
Maria_Anna_Vryza,4,1,-2,6,4,0,5,1,2,8,6,2021-07-24
vasilikikatr,2,1,-2,11,9,0,5,1,2,8,6,2021-07-19
raje_jatti,3,0,3,2,5,1,3,0,5,8,3,2021-06-30
Thanasis_Balampos,5,2,5,1,6,1,6,0,2,8,6,2021-06-19
Nona_Gkava,5,2,7,1,8,0,8,0,0,8,8,2021-04-22
ionastemperikidis,5,2,7,1,8,0,8,0,0,8,8,2021-04-17
KATOURIMA_BY_ME,5,2,13,3,16,0,8,0,0,8,8,2021-04-02
sav990el,5,2,8,1,9,0,7,0,0,7,7,2021-04-01
Dionysis_Loukissas,5,2,11,1,12,0,8,0,0,8,8,2021-03-23
georgestargeorges,4,1,3,2,5,0,5,0,3,8,5,2021-03-20
Sofia_Nitos,1,2,-38,47,9,0,2,4,2,8,6,2021-03-06
Aggelos xrus,5,2,7,2,9,0,7,0,1,8,7,2021-03-03
Vasilis_Liapis,2,1,-1,11,10,0,4,2,2,8,6,2021-03-01
akisgeorg70,4,1,14,0,14,1,8,0,0,8,8,2021-02-16
kwnna_tsiatou,5,2,10,1,11,0,6,0,1,7,6,2021-02-12
Efi_Ntzanou,3,0,-2,12,10,0,5,0,3,8,5,2021-01-14
tafeas,5,2,14,2,16,0,8,0,0,8,8,2021-01-11
Chris_Kouklidis,4,1,9,3,12,0,7,0,1,8,7,2021-01-05
xatzitakis_t,5,2,3,0,3,0,8,0,0,8,8,2024-02-02
Gio_Kef,5,2,2,0,2,0,8,0,0,8,8,2024-01-23
Hellenic_Soul,5,2,2,0,2,0,7,0,1,8,7,2023-12-11
Dimitris_Lefakis,5,2,9,0,9,0,8,0,0,8,8,2023-11-11
Sof_Laney,4,1,5,0,5,0,7,1,0,8,8,2023-09-25
mairy-kyr,5,2,5,0,5,0,7,1,0,8,8,2023-08-06
HumaHuma,4,1,4,0,4,0,7,0,1,8,7,2023-05-05
Sphinx,5,2,8,0,8,0,8,0,0,8,8,2023-04-14
Christos_Voliotis,5,2,3,2,5,0,7,0,1,8,7,2023-03-07
manos_dimitrakopoulos,5,2,7,0,7,0,8,0,0,8,8,2023-03-04
Chris_Jayson,5,2,19,0,19,0,8,0,0,8,8,2022-12-03
nikospap913340,5,2,14,0,14,0,8,0,0,8,8,2022-09-16
ocean82,4,1,15,0,15,0,6,0,2,8,6,2022-04-29
Stavros_Mountrakis,5,2,11,0,11,1,6,1,0,7,7,2022-02-18
giannis_papad850,3,0,-43,47,4,0,4,1,3,8,5,2022-01-18
loubis70_gmail_com,4,1,7,0,7,1,7,0,1,8,7,2021-08-14
Dim_Kon9363,5,2,10,0,10,0,7,0,1,8,7,2021-07-17
penelope.karetsou,5,2,4,0,4,0,8,0,0,8,8,2020-11-10
konavg,4,1,0,5,5,0,7,0,1,8,7,2020-11-01
dionisis.pokeras,4,1,6,0,6,1,7,0,1,8,7,2020-10-20
anwnumous_ex,4,1,-3,6,3,0,7,0,1,8,7,2020-10-13
PanagiotisF,5,2,4,0,4,0,8,0,0,8,8,2020-10-10
makidio,5,2,0,0,0,0,5,0,3,8,5,2024-02-28
Dr_Manos69,4,1,4,1,5,0,5,1,2,8,6,2023-10-07
Παναγιωτης Λ,5,2,3,1,4,0,8,0,0,8,8,2023-09-08
Anna_Kondα,5,2,5,0,5,0,8,0,0,8,8,2023-07-20
Aggelos_Llucis,5,2,3,0,3,1,8,0,0,8,8,2023-07-19
mparoudas.spiros,5,2,3,0,3,0,7,0,1,8,7,2023-06-14
Manoloud007,5,2,3,0,3,0,7,0,1,8,7,2023-06-09
Notis_Paminos,5,2,5,0,5,0,8,0,0,8,8,2023-02-11
Maria_Karakike3568,3,0,-11,13,2,1,3,3,2,8,6,2022-08-16
Nikos_Markopoulos1398,5,2,7,0,7,0,7,0,1,8,7,2022-08-14
GIORGOS_552,5,2,3,0,3,0,4,0,4,8,4,2022-06-06
Lefteris_Vartalas,5,2,1,1,2,0,8,0,0,8,8,2022-05-25
J_K_gamers,5,2,8,0,8,0,8,0,0,8,8,2022-03-29
greek_general3825,1,2,-32,35,3,0,1,4,3,8,5,2022-02-10
Marianna_Lytra,1,2,-3,7,4,0,1,6,1,8,7,2021-10-20
Sophia_Papapetrou,5,2,10,1,11,0,7,0,1,8,7,2021-08-01
Georgia_Panagopoulou1554793644,5,2,9,1,10,0,6,0,1,7,6,2021-07-12
Katerina_Petrou23,5,2,2,6,8,0,7,0,1,8,7,2021-06-19
Anna_Maria_Papakanellou,3,0,4,1,5,0,2,0,6,8,2,2021-06-11
Kostas_Nikaia8576,5,2,4,1,5,0,8,0,0,8,8,2021-05-12
Antigoni_Papadopoulou8562,4,1,2,2,4,0,7,0,1,8,7,2021-04-30
teo_Saflekos,4,1,1,3,4,0,5,0,3,8,5,2021-04-26
theochr3,5,2,5,1,6,0,8,0,0,8,8,2021-04-19
opelcorsa,5,2,4,0,4,0,8,0,0,8,8,2021-04-02
njoy,5,2,7,0,7,0,7,0,1,8,7,2021-03-17
plouton,5,2,5,0,5,0,7,0,1,8,7,2021-03-13
michalis_Kallivretakis,5,2,9,0,9,0,7,0,1,8,7,2021-03-10
xristina2300,3,0,-3,5,2,0,3,1,1,5,4,2021-02-06
virginia.panagiwtou,5,2,16,0,16,0,8,0,0,8,8,2021-02-04
lesmiserablesmband,2,1,-16,21,5,0,2,3,3,8,5,2021-02-03
Moummos_EmCi,5,2,5,1,6,0,8,0,0,8,8,2023-07-30
lousos17,5,2,1,0,1,0,8,0,0,8,8,2023-06-17
plakiasvagelis,5,2,5,0,5,0,8,0,0,8,8,2023-04-06
Anna_Vergou7691,5,2,3,1,4,0,8,0,0,8,8,2023-02-28
mariasiasiou96,4,1,8,0,8,0,6,0,2,8,6,2023-01-14
xatzitakis_t,5,2,5,2,7,0,8,0,0,8,8,2022-11-22
Tili68,5,2,0,2,2,0,8,0,0,8,8,2022-11-19
panoslek21,5,2,1,4,5,0,6,1,1,8,7,2021-12-17
VLman,4,1,4,1,5,0,7,0,1,8,7,2021-11-04
ziaba,4,1,2,2,4,0,5,0,3,8,5,2021-10-25
gio_se,5,2,6,1,7,1,7,0,1,8,7,2021-08-08
Thomas_Orkas33,5,2,7,4,11,0,8,0,0,8,8,2021-02-03
mcodrut94,5,2,5,2,7,0,8,0,0,8,8,2021-01-08
panos_let,5,2,6,2,8,0,8,0,0,8,8,2020-12-27
vaggelis19981,5,2,9,1,10,1,8,0,0,8,8,2020-12-17
alkatsaiti,4,1,2,2,4,0,0,0,0,0,0,2020-12-16
rigeas,5,2,11,1,12,1,8,0,0,8,8,2020-12-13
George_gxa,1,2,-57,72,15,1,6,1,1,8,7,2020-12-08
ecatodarcus,4,1,-6,8,2,0,8,0,0,8,8,2020-11-30
eliza.tomlinson.56,5,2,8,5,13,0,8,0,0,8,8,2020-10-02
Stefanos_Kolainis,5,2,15,4,19,0,7,0,0,7,7,2020-09-26
DJ_SoLit,5,2,10,4,14,0,7,0,1,8,7,2020-08-28
Giorgos_Vam,5,2,9,4,13,0,8,0,0,8,8,2020-08-25
Invincible Thanos,5,2,34,7,41,0,8,0,0,8,8,2020-08-24
d.tomeli,5,2,2,0,2,1,8,0,0,8,8,2022-08-30
Chris_Galanis3048,5,2,6,0,6,0,8,0,0,8,8,2022-07-11
Kok_Kok2951,5,2,7,1,8,0,8,0,0,8,8,2022-03-14
Στάθης αρμ,4,1,3,1,4,0,7,0,1,8,7,2022-01-20
captainyannis,5,2,9,0,9,0,5,0,1,6,5,2021-08-01
deliu.g,5,2,-23,28,5,0,8,0,0,8,8,2021-04-25
CHaralampos_Tasioulis,4,1,2,4,6,1,6,0,2,8,6,2021-04-19
Emmanouel_Kasemai,5,2,7,0,7,0,7,0,1,8,7,2021-03-28
chr. nikolo,5,2,15,1,16,0,8,0,0,8,8,2021-03-13
ggkountou,4,1,-3,9,6,0,6,0,2,8,6,2021-02-13
Makis Euthimiou,4,1,-8,15,7,1,7,0,1,8,7,2021-01-30
s.iacovidis,5,2,8,1,9,0,7,0,1,8,7,2021-01-25
Sakis_Cyber,5,2,-5,14,9,0,8,0,0,8,8,2021-01-22
giannis.lozos.3,4,1,-1,5,4,0,5,0,3,8,5,2021-01-21
kyriaki_nta,4,1,-4,11,7,1,6,0,2,8,6,2021-01-15
manos.romanias.5,5,2,32,2,34,0,8,0,0,8,8,2020-09-29
maria-varsaki102009,5,2,28,4,32,0,0,0,0,0,0,2020-09-21
FD8_Producption,4,1,0,0,0,1,5,0,3,8,5,2023-12-16
Elena_Karamfilidou,5,2,0,1,1,0,8,0,0,8,8,2023-07-12
konstance316,5,2,5,0,5,0,8,0,0,8,8,2023-05-28
iwannanana1,4,1,1,0,1,0,8,0,0,8,8,2023-05-23
Christofer Kolombos,5,2,9,0,9,0,7,0,1,8,7,2023-03-14
panosgamer27,5,2,3,0,3,1,7,0,1,8,7,2023-02-25
theodorakisvangelis2013,5,2,1,0,1,0,8,0,0,8,8,2022-11-26
DeputyGeorge,5,2,5,0,5,0,8,0,0,8,8,2022-09-08
Anastasia_02,5,2,3,0,3,0,8,0,0,8,8,2022-08-15
bagos207,5,2,5,0,5,1,8,0,0,8,8,2022-08-12
Apostolis_Alivanoglou,2,1,-9,10,1,0,2,2,4,8,4,2022-08-06
florans07,3,0,-11,11,0,1,4,2,2,8,6,2022-08-02
katsioneiro,5,2,6,0,6,0,8,0,0,8,8,2022-07-22
Alpha_Diekperaiwtikh,5,2,2,0,2,0,8,0,0,8,8,2022-07-17
cpt_fri3ndzone,5,2,8,0,8,0,8,0,0,8,8,2022-07-09
maria.drift,4,1,3,0,3,1,4,1,3,8,5,2022-06-25
Rafaela_Sto,5,2,2,0,2,0,8,0,0,8,8,2022-05-30
j.hatinoglou,3,0,-6,9,3,0,5,0,2,7,5,2022-05-24
mara78,4,1,1,2,3,0,6,0,2,8,6,2022-05-03
Iordanis_Papadopoulos91,5,2,5,0,5,0,7,0,1,8,7,2022-05-02
Thanos_Dulis,3,0,-1,3,2,0,2,1,4,7,3,2022-05-01
el_turopita,2,1,-7,8,1,0,2,1,5,8,3,2022-04-29
Greek_Gamer2,5,2,4,1,5,0,8,0,0,8,8,2022-04-20
nick_borisof,5,2,2,1,3,0,7,0,0,7,7,2022-04-16
anlimenas,2,1,-7,10,3,0,7,0,1,8,7,2022-04-16
Xristos_Gioupis11,3,0,0,3,3,0,4,2,2,8,6,2022-04-08
matinatsouk,5,2,5,0,5,0,8,0,0,8,8,2022-04-03
Kostas_Almpanis67,5,2,3,0,3,0,8,0,0,8,8,2024-02-04
IOANNISGLOBAL,2,1,3,2,5,0,6,0,2,8,6,2023-11-29
haris_Pao,5,2,6,0,6,0,8,0,0,8,8,2023-11-27
Bladbahas,5,2,8,0,8,0,8,0,0,8,8,2023-06-22
Anna_Mag91,2,1,-22,22,0,0,4,2,2,8,6,2023-06-09
filipp_teg,5,2,10,2,12,0,7,0,1,8,7,2023-05-27
George_Kampanis,5,2,1,1,2,0,7,0,1,8,7,2023-05-10
Michalis_Ca_,1,2,-43,48,5,0,2,3,3,8,5,2023-02-09
Leonidas@,5,2,6,2,8,0,8,0,0,8,8,2023-01-11
xatzitakis_t,5,2,5,1,6,0,8,0,0,8,8,2022-12-10
Tili68,5,2,7,1,8,0,8,0,0,8,8,2022-12-04
chrgate89,5,2,4,1,5,0,8,0,0,8,8,2022-12-02
bobo1704,5,2,4,1,5,0,8,0,0,8,8,2022-11-12
DIMITRIS_as_a,5,2,6,1,7,0,8,0,0,8,8,2022-10-09
Spiros__P,5,2,4,2,6,0,7,0,1,8,7,2022-10-02
thepidelta,4,1,4,1,5,0,8,0,0,8,8,2022-09-26
euripidis.gkemitzoglou,5,2,5,1,6,0,8,0,0,8,8,2022-08-23
veggos1978,5,2,1,1,2,0,8,0,0,8,8,2022-08-13
dimagr21,5,2,11,0,11,0,7,0,1,8,7,2022-08-06
Nikos_Zafeiriou90,5,2,12,0,12,0,8,0,0,8,8,2022-04-29
mike_2806,5,2,6,0,6,0,5,0,3,8,5,2022-04-27
Nikol_Panagiotidou,1,2,-39,49,10,0,6,1,1,8,7,2022-04-22
Stylianos_Tsalikis,5,2,9,2,11,0,8,0,0,8,8,2022-03-31
Panagiotis_Tsoulatis,5,2,15,2,17,0,8,0,0,8,8,2022-03-23
Filio_Xenariou,5,2,7,1,8,1,8,0,0,8,8,2022-03-22
Olympia_Ermidou,5,2,17,3,20,0,8,0,0,8,8,2022-03-05
Grigoris_Maroulis,5,2,10,4,14,0,8,0,0,8,8,2022-02-24
plt7,5,2,5,0,5,0,6,0,2,8,6,2023-06-14
zoromaska95,1,2,-3,50,47,0,3,2,3,8,5,2022-04-15
CHristos_Vlachos6615,5,2,11,1,12,0,8,0,0,8,8,2024-03-05
dionisis.pokeras,5,2,17,0,17,0,8,0,0,8,8,2024-02-25
babis.marantidis,4,1,-44,46,2,0,7,0,1,8,7,2024-02-11
Panos_te,5,2,18,0,18,0,8,0,0,8,8,2024-02-03
vasilisers,5,2,12,0,12,0,8,0,0,8,8,2024-01-07
theodorakisvangelis2013,5,2,16,0,16,0,8,0,0,8,8,2023-12-21
amaliageor,5,2,6,0,6,0,8,0,0,8,8,2023-12-08
stavrosfydanakis,4,1,-44,55,11,1,3,1,4,8,4,2023-10-29
sotiris_stratos,1,2,-41,51,10,0,6,1,1,8,7,2023-10-24
Μάριο Λαντζα,5,2,29,4,33,0,8,0,0,8,8,2023-09-18
vasilisasd133,5,2,22,5,27,1,8,0,0,8,8,2023-09-12
Manousos_Trikaminas,4,1,7,2,9,1,7,0,1,8,7,2023-09-07
Kyriakos_Darivas,3,0,0,8,8,0,7,0,1,8,7,2023-09-04
stamatinasitoklp,5,2,35,2,37,0,8,0,0,8,8,2023-08-12
alfacom11,1,2,-20,101,81,0,7,1,0,8,8,2023-07-22
nikoskaterina0706,5,2,27,8,35,0,8,0,0,8,8,2023-07-16
swaron,5,2,9,11,20,0,8,0,0,8,8,2023-07-15
Xristos_Kotsanis,5,2,1,2,3,0,8,0,0,8,8,2023-06-17
Perseas_Triantafyllou,4,1,0,0,0,0,4,0,4,8,4,2023-04-17
Madona_Matija,3,0,-4,5,1,1,2,0,5,7,2,2022-02-07
Billy-Bo,4,1,3,1,4,1,6,0,2,8,6,2022-01-25
sierraki,5,2,9,0,9,1,7,0,1,8,7,2021-12-20
panagiotispanag,1,2,-14,20,6,1,0,1,2,3,1,2021-11-30
Zoe_Pt,2,1,2,8,10,0,5,1,2,8,6,2020-12-31
Tzeni_Sab,3,0,-2,9,7,0,3,0,4,7,3,2020-11-13
nefy,4,1,1,6,7,0,8,0,0,8,8,2020-09-04
Hlias_Nolcyc,4,1,20,0,20,1,8,0,0,8,8,2020-08-20
Ilias_Anthopoulos,2,1,-10,19,9,0,2,3,3,8,5,2020-06-28
SAINT,5,2,2,0,2,1,4,1,1,6,5,2024-01-05
antonis_Liakopoulos6242,5,2,2,0,2,1,5,2,1,8,7,2023-11-23
Ian_Masou,4,1,2,0,2,1,5,2,1,8,7,2023-09-19
mecanik_2007,4,1,5,0,5,1,4,1,1,6,5,2023-06-20
orfnat,1,2,-2,5,3,1,0,8,0,8,8,2023-06-07
Katerina_Megali,5,2,3,1,4,1,8,0,0,8,8,2023-05-23
jennifer3,4,1,3,1,4,1,2,2,4,8,4,2023-05-09
jennifer3,5,2,2,1,3,0,2,2,4,8,4,2023-04-14
Alexandros_Vasileiou12,3,0,-14,14,0,1,0,3,1,4,3,2023-03-14
Alex_Atrion,5,2,8,1,9,1,5,0,1,6,5,2022-12-16
Keathanasiou,4,1,12,1,13,1,5,0,1,6,5,2022-05-20
lkpx,5,2,11,1,12,0,4,0,0,4,4,2022-04-14
Maria_Toptsi4469,4,1,6,0,6,1,3,2,1,6,5,2022-01-11
Danae_Fede,3,0,19,2,21,1,2,4,2,8,6,2021-11-23
Iliana_Levaki,3,0,9,1,10,1,4,3,1,8,7,2021-09-16
Obliviousme,1,2,-9,16,7,1,0,2,1,3,2,2021-08-02
bandito,4,1,29,0,29,1,1,0,1,2,1,2021-03-09
fountes.giorgos81,1,2,-7,14,7,1,0,7,1,8,7,2020-07-31
dimis_sta,4,1,20,0,20,0,5,0,1,6,5,2020-05-28
george_kas,5,2,43,5,48,0,4,0,0,4,4,2020-05-14
kontinosd,4,1,16,0,16,1,4,3,1,8,7,2020-03-25
Dani_Rantaki,4,1,22,0,22,1,4,2,2,8,6,2019-12-15
SAINT,5,2,4,0,4,1,4,1,1,6,5,2024-01-05
orfnat,1,2,-4,7,3,1,0,8,0,8,8,2023-06-07
Iliana_Levaki,3,0,8,2,10,1,4,3,1,8,7,2021-09-16
bandito,4,1,30,0,30,1,1,0,1,2,1,2021-03-09
george_kas,5,2,43,6,49,0,4,0,0,4,4,2020-05-14
george_kas,5,2,44,5,49,0,4,0,0,4,4,2020-05-14
Kelly_Dimitriou,5,2,1,0,1,1,4,0,0,4,4,2023-11-14
gavros_77,3,0,5,0,5,1,3,2,3,8,5,2023-09-25
Konstantinos_Stavroulakis,5,2,5,0,5,0,6,0,2,8,6,2023-08-02
mastranton0165,5,2,4,0,4,0,8,0,0,8,8,2023-07-28
caro,1,2,-2,2,0,0,0,5,3,8,5,2020-12-27
2104021378Kd,2,1,0,0,0,1,5,0,3,8,5,2021-08-03
GEO.BRA,5,2,1,0,1,1,4,1,1,6,5,2023-04-21
stelios-aek,2,1,3,0,3,0,0,3,2,5,3,2022-09-07
alkisno1,1,2,0,1,1,0,0,7,1,8,7,2022-01-02
Art_by_Rafaela,1,2,2,0,2,0,0,8,0,8,8,2020-11-19
θείος Αντρέας,1,2,2,1,3,0,1,5,0,6,6,2020-01-31
Areti Belka,5,2,-1,2,1,0,4,0,0,4,4,2019-05-17
george150,3,0,-2,3,1,0,2,0,3,5,2,2019-04-27
@ntonius,1,2,-1,1,0,0,2,3,3,8,5,2021-08-26
john_nas,1,2,5,1,6,0,0,5,3,8,5,2020-01-05
Panos Adam,5,2,3,2,5,1,3,2,2,7,5,2018-02-07
Irene_Skoula,4,1,0,0,0,1,4,0,1,5,4,2022-01-10
asos,5,2,0,0,0,1,6,0,2,8,6,2023-12-26
The Truth,1,2,3,0,3,1,1,5,2,8,6,2023-10-18
Nikos_Tm3,5,2,0,0,0,1,3,0,0,3,3,2023-10-03
AngelDi,4,1,2,0,2,1,2,0,2,4,2,2023-07-12
rayman13,1,2,2,0,2,1,2,6,0,8,8,2023-06-18
Maria_Patsatzoglou4458,4,1,0,0,0,1,5,2,1,8,7,2023-05-16
papadakisn,5,2,3,0,3,1,4,2,1,7,6,2022-12-02
SOTOS!,3,0,2,0,2,1,3,1,1,5,4,2022-11-18
Ninjakias_streamer,4,1,1,0,1,1,3,2,3,8,5,2022-10-04
Maria_Liandri,5,2,2,0,2,1,5,0,0,5,5,2022-05-23
Ifigeneia_Giatrakou,2,1,1,3,4,0,0,2,1,3,2,2022-03-02
kostaris,4,1,2,0,2,1,5,0,0,5,5,2021-10-08
mariakapellaki,4,1,1,2,3,1,5,1,2,8,6,2021-10-01
spirosthirio89,5,2,1,0,1,0,0,4,4,8,4,2021-03-10
Spidey1,5,2,10,0,10,1,6,0,0,6,6,2021-02-04
gml,4,1,4,0,4,0,2,2,3,7,4,2021-01-31
The Truth,1,2,4,0,4,1,1,5,2,8,6,2023-10-18
AngelDi,4,1,3,0,3,1,2,0,2,4,2,2023-07-12
rayman13,1,2,3,0,3,1,2,6,0,8,8,2023-06-18
manosvazelos,4,1,-1,2,1,1,1,0,1,2,1,2021-12-15
giota_giotaki68,4,1,5,0,5,0,3,2,3,8,5,2021-07-28
snodara,4,1,3,0,3,1,4,1,3,8,5,2021-05-18
akiskod,5,2,1,0,1,0,6,0,1,7,6,2020-08-08
ΜΑΡΚΟΣΠ50,4,1,0,0,0,1,6,0,2,8,6,2023-02-18
Kostas_Beretzikis,5,2,0,0,0,1,4,0,4,8,4,2024-01-05
LEOPARD_craze,5,2,1,0,1,0,6,2,0,8,8,2023-06-05
jdskarts,5,2,3,0,3,0,6,1,0,7,7,2022-06-03
lefteris3210,4,1,1,2,3,0,1,3,4,8,4,2020-12-09
ARIS_KAMAKARIS,4,1,3,1,4,1,4,0,3,7,4,2018-06-05
michalisdaskalakis73,1,2,-2,10,8,0,0,0,0,0,0,2018-05-24
ioan_moulis1,4,1,2,0,2,0,4,0,4,8,4,2024-01-05
Fotis_Gratsanis,5,2,1,0,1,0,7,0,1,8,7,2023-08-11
platwn95,3,0,-1,5,4,1,4,1,3,8,5,2023-06-28
Andreas_Kalligeros,5,2,1,1,2,1,6,0,2,8,6,2023-03-21
d.chorianopoulos,5,2,20,0,20,1,8,0,0,8,8,2022-12-20
kontoytskas,5,2,10,0,10,0,6,0,2,8,6,2022-10-21
KKostas_Koutis,4,1,8,1,9,0,8,0,0,8,8,2022-10-08
Manos_Bekhs,4,1,-8,9,1,0,3,1,4,8,4,2022-09-30
Kostas_markopoylos,4,1,-10,10,0,1,5,0,3,8,5,2022-09-28
Dello83,4,1,10,1,11,0,5,0,3,8,5,2022-09-18
kostasg-7,5,2,10,2,12,1,8,0,0,8,8,2022-09-13
Man93,5,2,13,0,13,0,8,0,0,8,8,2022-09-04
csvroom,5,2,25,1,26,1,8,0,0,8,8,2022-07-05
GIANNIS_MINASIDIS,5,2,6,2,8,1,6,0,2,8,6,2022-06-29
John_Stalikas,5,2,19,1,20,0,7,0,1,8,7,2022-05-24
kspilio1,5,2,11,2,13,1,8,0,0,8,8,2022-05-12
EFRAIM_MOURTZAKIS,5,2,12,4,16,1,8,0,0,8,8,2022-04-27
xxniro52,5,2,18,1,19,0,8,0,0,8,8,2022-04-15
Sp007,5,2,10,3,13,1,8,0,0,8,8,2022-03-12
V__S_16,5,2,5,2,7,0,8,0,0,8,8,2022-02-25
Jimmy365,5,2,3,0,3,0,8,0,0,8,8,2023-10-31
g770,1,2,12,4,16,0,1,1,6,8,2,2023-08-03
Mimis krem,4,1,2,0,2,0,6,0,2,8,6,2023-05-18
nalexakis94,5,2,11,1,12,0,7,0,1,8,7,2022-12-27
g770,1,2,13,4,17,0,1,1,6,8,2,2023-08-03
Stairo_magic,5,2,8,0,8,1,8,0,0,8,8,2024-03-09
d_Mitsos_b,5,2,6,0,6,1,6,0,2,8,6,2024-03-03
nikos.sarlacher,5,2,6,1,7,1,7,0,1,8,7,2024-02-16
Foteini_Kanellopoulou1128,5,2,6,1,7,1,7,0,0,7,7,2024-01-16
thanasis.p,5,2,5,0,5,1,7,0,1,8,7,2023-12-29
Nikos_Konstantinou33,5,2,-15,22,7,0,8,0,0,8,8,2023-11-11
Vag_Paras,5,2,8,1,9,0,5,0,3,8,5,2023-09-03
manolis_anastsaskis,2,1,-91,96,5,0,4,2,2,8,6,2023-09-01
Greg_Bark,5,2,22,0,22,0,6,0,1,7,6,2023-08-25
inkoukoulis,4,1,8,0,8,0,7,0,1,8,7,2023-08-14
Shagrath20,5,2,7,1,8,1,6,0,2,8,6,2023-07-18
giannis_katsios,5,2,10,0,10,0,6,0,2,8,6,2023-06-23
dkotsio,4,1,4,3,7,1,7,0,0,7,7,2023-04-18
ZauZ,5,2,5,1,6,0,6,0,2,8,6,2023-04-03
zisis.,5,2,7,0,7,0,8,0,0,8,8,2023-03-22
miltiadis.rigopoulos,5,2,26,3,29,1,8,0,0,8,8,2023-03-11
dalikerman,5,2,9,1,10,0,8,0,0,8,8,2023-03-04
Krs_Gt,5,2,9,0,9,0,8,0,0,8,8,2022-12-25
Stairo_magic,5,2,4,0,4,1,8,0,0,8,8,2024-03-09
d_Mitsos_b,5,2,3,0,3,1,6,0,2,8,6,2024-03-03
nikos.sarlacher,5,2,4,1,5,1,7,0,1,8,7,2024-02-16
Foteini_Kanellopoulou1128,5,2,4,1,5,1,7,0,0,7,7,2024-01-16
thanasis.p,5,2,4,0,4,1,7,0,1,8,7,2023-12-29
Nikos_Konstantinou33,5,2,-14,20,6,0,8,0,0,8,8,2023-11-11
manolis_anastsaskis,2,1,-88,93,5,0,4,2,2,8,6,2023-09-01
miltiadis.rigopoulos,5,2,25,3,28,1,8,0,0,8,8,2023-03-11
Stairo_magic,5,2,7,0,7,1,8,0,0,8,8,2024-03-09
d_Mitsos_b,5,2,4,0,4,1,6,0,2,8,6,2024-03-03
nikos.sarlacher,5,2,5,1,6,1,7,0,1,8,7,2024-02-16
Foteini_Kanellopoulou1128,5,2,5,1,6,1,7,0,0,7,7,2024-01-16
Nikos_Konstantinou33,5,2,-14,21,7,0,8,0,0,8,8,2023-11-11
sedzinfo,5,2,6,3,9,1,8,0,0,8,8,2022-12-04
constantine#,5,2,14,2,16,0,8,0,0,8,8,2022-07-16
Sp007,4,1,29,2,31,0,5,0,3,8,5,2022-07-14
George Tsamp,5,2,5,0,5,0,8,0,0,8,8,2023-12-03
John_Arditsoglou,5,2,2,1,3,0,8,0,0,8,8,2023-10-12
GIORGOS LITSAS,5,2,1,1,2,0,8,0,0,8,8,2023-07-09
AlexDfx,5,2,12,3,15,0,8,0,0,8,8,2023-03-09
savvasko,5,2,12,3,15,1,8,0,0,8,8,2022-12-05
MotoGP_RepsolRcv1000cc28,5,2,11,0,11,0,7,0,0,7,7,2022-11-15
George_K_84,4,1,1,1,2,1,5,0,3,8,5,2024-03-09
Panos_Karageorge46,5,2,6,0,6,0,8,0,0,8,8,2024-03-05
alexpap23ru,5,2,2,0,2,1,6,0,2,8,6,2024-02-23
Theofilos_Efstathiadis,4,1,2,1,3,1,4,0,4,8,4,2024-02-15
Christos_P53,5,2,19,0,19,0,7,0,1,8,7,2024-01-04
Vasilis_Souliotis1502,4,1,2,1,3,1,8,0,0,8,8,2024-01-03
jetakis,5,2,10,0,10,0,8,0,0,8,8,2023-12-21
fotgan20,1,2,-30,33,3,0,1,3,3,7,4,2023-12-08
maki_delpi,5,2,20,0,20,0,8,0,0,8,8,2023-11-13
DIMITRIS_MASOURAS,5,2,12,1,13,0,8,0,0,8,8,2023-11-05
kostas1098fotiadis,5,2,15,1,16,0,7,0,1,8,7,2023-11-04
Gastone6225,5,2,14,0,14,1,8,0,0,8,8,2023-11-03
Steve_ThorogoodRockers,4,1,-1,8,7,0,3,0,4,7,3,2023-10-22
gianna g,5,2,6,2,8,0,8,0,0,8,8,2023-09-15
doc north,4,1,9,2,11,1,7,0,1,8,7,2023-09-12
Antonios_Giakoumis,5,2,8,0,8,0,8,0,0,8,8,2023-09-02
plentas,5,2,12,1,13,0,8,0,0,8,8,2023-08-25
tispoula29,4,1,6,5,11,1,8,0,0,8,8,2023-08-09
Thomas_Sotirakos,5,2,3,8,11,1,8,0,0,8,8,2023-07-04
martios3,5,2,-20,33,13,0,8,0,0,8,8,2023-06-29
George_K_84,4,1,0,1,1,1,5,0,3,8,5,2024-03-09
Panos_Karageorge46,5,2,5,0,5,0,8,0,0,8,8,2024-03-05
jetakis,5,2,9,0,9,0,8,0,0,8,8,2023-12-21
fotgan20,1,2,-31,33,2,0,1,3,3,7,4,2023-12-08
Panagiotis_Giaourtsis,5,2,3,0,3,0,8,0,0,8,8,2024-03-12
Marianna_Ps,5,2,3,0,3,0,8,0,0,8,8,2024-03-06
Agathi_T_,3,0,-6,7,1,0,2,1,5,8,3,2024-02-27
[email protected],5,2,3,0,3,0,8,0,0,8,8,2024-02-23
NickGreek!!!,5,2,7,0,7,0,8,0,0,8,8,2024-02-16
ntinos_mark,5,2,6,0,6,0,8,0,0,8,8,2024-02-13
pan8rax,4,1,-5,8,3,0,5,0,3,8,5,2024-01-31
teomanousos,5,2,4,0,4,0,8,0,0,8,8,2024-01-30
Zacharias_Drygiannakis,5,2,31,2,33,0,8,0,0,8,8,2024-01-30
Dante_Inferno,3,0,-23,29,6,0,3,1,4,8,4,2024-01-23
lilaftpl,5,2,9,1,10,1,8,0,0,8,8,2024-01-16
Panos_101,5,2,6,0,6,0,8,0,0,8,8,2024-01-02
thanosthanos80,4,1,5,0,5,0,5,0,3,8,5,2023-12-23
val_bak,5,2,5,0,5,0,8,0,0,8,8,2023-12-08
m_pl,3,0,-20,23,3,0,6,0,1,7,6,2023-12-06
john272727t,5,2,17,0,17,0,8,0,0,8,8,2023-11-29
Vasilis_ntza,5,2,-1,4,3,1,6,0,2,8,6,2023-11-28
MARK_M_,5,2,9,1,10,0,8,0,0,8,8,2023-11-24
vls_bell,5,2,25,1,26,0,8,0,0,8,8,2023-11-06
Panos_Chatzidakis,5,2,11,0,11,0,8,0,0,8,8,2023-11-05
Giannis_Raptis,5,2,1,1,2,1,8,0,0,8,8,2024-02-24
gotzoς,5,2,4,0,4,0,8,0,0,8,8,2024-02-16
nekanastopoulos,5,2,-3,4,1,1,8,0,0,8,8,2024-01-16
Konstantinos_Papadopoulos6842,1,2,7,1,8,0,0,7,1,8,7,2023-08-14
j__san,5,2,8,0,8,1,7,0,0,7,7,2023-07-04
nekanastopoulos,5,2,-2,4,2,1,8,0,0,8,8,2024-01-16
Alexandros Nousias,3,0,1,0,1,0,5,0,3,8,5,2024-01-04
Sofia Pavlakou,5,2,7,0,7,1,6,0,2,8,6,2023-05-09
christospap22,5,2,16,0,16,0,4,2,2,8,6,2022-12-13
Yiorgos_Nikos_Pandazis,5,2,3,0,3,1,7,0,1,8,7,2024-01-30
teogin,5,2,7,0,7,1,7,0,1,8,7,2024-01-07
Jim Papis 70,4,1,3,0,3,1,1,0,3,4,1,2023-09-19
ioannis.ker,4,1,7,0,7,1,2,0,6,8,2,2023-05-30
periklas723,4,1,5,1,6,1,2,0,6,8,2,2023-05-10
Nikos_Verros,3,0,8,5,13,0,3,2,3,8,5,2022-07-05
katsarolis02,2,1,-1,1,0,0,4,2,2,8,6,2022-12-07
Alexandros_Ps4,5,2,1,2,3,0,8,0,0,8,8,2022-06-22
Vasilis_Gavalas,2,1,-5,10,5,1,3,2,2,7,5,2022-06-21
gxhros_otenet_gr,5,2,5,1,6,0,6,0,2,8,6,2022-03-29
fedon_galanos,5,2,5,1,6,0,8,0,0,8,8,2022-03-03
blancberger,4,1,2,2,4,1,5,0,3,8,5,2024-02-10
Stylianos_Chaidakis,3,0,-2,5,3,0,4,1,3,8,5,2024-01-20
byte12.com,5,2,6,0,6,1,8,0,0,8,8,2024-01-03
tasos theodorakakos,5,2,2,0,2,0,6,0,2,8,6,2023-12-28
samatas2010,5,2,7,0,7,0,7,0,1,8,7,2023-12-23
blancberger,4,1,2,1,3,1,5,0,3,8,5,2024-02-10
Stylianos_Chaidakis,3,0,-1,4,3,0,4,1,3,8,5,2024-01-20
byte12.com,5,2,5,0,5,1,8,0,0,8,8,2024-01-03
xara_george,2,1,0,0,0,0,1,2,5,8,3,2024-01-14
Lazaros_71838,5,2,0,2,2,0,6,0,2,8,6,2023-06-17
Mary_Pol,5,2,7,3,10,0,8,0,0,8,8,2022-11-25
tasos_charalampidis,2,1,-1,12,11,0,1,2,5,8,3,2022-10-23
Vogias d,1,2,-7,17,10,1,4,1,3,8,5,2022-10-20
afro_afro1182,1,2,16,6,22,0,8,0,0,8,8,2022-09-14
Konstantinos_Bogiatzakis,5,2,0,2,2,1,7,0,1,8,7,2023-11-29
astrahan9,5,2,1,0,1,1,7,0,1,8,7,2023-10-24
george_nafplio,2,1,0,0,0,0,1,2,5,8,3,2023-10-14
mike_papas61,3,0,1,2,3,0,5,1,2,8,6,2023-09-26
Giannhs_Panagiotopoylos,1,2,20,3,23,0,1,3,4,8,4,2023-09-14
KKokkos,4,1,1,5,6,1,7,0,1,8,7,2023-09-03
galamar,4,1,2,3,5,1,7,0,1,8,7,2023-07-26
Victor_Batino,5,2,6,1,7,1,8,0,0,8,8,2023-05-30
Filippos_Kanat,5,2,6,5,11,1,8,0,0,8,8,2023-05-12
Christos_Panagiotakis,5,2,12,2,14,1,8,0,0,8,8,2023-05-05
george_nafplio,2,1,1,0,1,0,1,2,5,8,3,2023-10-14
Kyriakos1568307425,5,2,0,0,0,1,6,0,2,8,6,2024-02-17
tasos.bekris.7,4,1,0,0,0,1,6,0,2,8,6,2024-01-30
Imanuel_Tk,3,0,-3,3,0,0,5,0,3,8,5,2024-01-12
paul_drogkitis,5,2,1,0,1,1,8,0,0,8,8,2023-12-30
drdabadee_Pip_Her_clito,5,2,2,0,2,0,8,0,0,8,8,2023-12-29
theodoros_kotsilieris,4,1,1,0,1,0,6,0,2,8,6,2023-12-20
NoN@me,4,1,3,0,3,1,8,0,0,8,8,2023-12-03
angelos_chatzimartis,5,2,-2,2,0,0,8,0,0,8,8,2023-11-28
tasos_dimitrogloy,5,2,0,1,1,0,7,0,1,8,7,2023-11-23
vassiliosrousis,5,2,1,0,1,0,7,0,0,7,7,2023-11-22
Stam80s,5,2,3,2,5,1,6,0,2,8,6,2023-10-11
aki120690,4,1,2,1,3,0,4,0,3,7,4,2023-08-27
Tasos_Kompothanasis,2,1,-10,12,2,1,5,1,2,8,6,2023-08-06
Dimitra#Pap,5,2,5,1,6,1,8,0,0,8,8,2023-06-17
stefaniw,5,2,4,1,5,1,6,0,0,6,6,2023-06-09
ZZR_ATHENS00,2,1,-11,16,5,1,3,2,3,8,5,2023-05-16
vouzikis,5,2,1,1,2,1,8,0,0,8,8,2023-05-14
Anna_Athanasiadou1084,4,1,-3,7,4,1,8,0,0,8,8,2023-05-04
bstefanis,5,2,5,1,6,0,8,0,0,8,8,2023-04-05
Konstantinos_Chatzizisis,4,1,3,1,4,1,7,0,1,8,7,2023-04-05
vaal_jaale,3,0,-5,7,2,1,3,2,3,8,5,2023-03-29
tolky748,4,1,1,6,7,0,6,0,2,8,6,2023-03-28
andreas_arxon,5,2,2,1,3,1,5,0,3,8,5,2023-03-28
eyelord,4,1,5,1,6,1,6,0,2,8,6,2023-03-17
cris_ilio,5,2,-4,5,1,1,6,0,2,8,6,2023-03-01
Akira_Miyamoto,5,2,8,2,10,1,8,0,0,8,8,2023-02-17
Giorgos_Koureas1028,5,2,0,2,2,1,8,0,0,8,8,2023-01-29
gto,5,2,-3,3,0,1,6,0,0,6,6,2023-01-16
theodoros_kotsilieris,4,1,0,0,0,0,6,0,2,8,6,2023-12-20
Tasos_Kompothanasis,2,1,-9,11,2,1,5,1,2,8,6,2023-08-06
ZZR_ATHENS00,2,1,-10,15,5,1,3,2,3,8,5,2023-05-16
Apostolis_M_,4,1,-2,3,1,1,5,0,3,8,5,2022-11-18
ioannis19,5,2,7,3,10,1,5,0,3,8,5,2022-10-31
Ntinos_Rousos5610,5,2,5,3,8,0,8,0,0,8,8,2022-10-28
konstantina Ν. Μπ.,2,1,-7,8,1,1,4,3,1,8,7,2024-02-21
Ach__Pap_,4,1,2,1,3,1,6,0,2,8,6,2024-02-20
CHristos_Kenanidis8027,5,2,8,1,9,0,7,0,1,8,7,2024-02-06
nikotsito,5,2,3,0,3,1,7,0,0,7,7,2024-02-03
Grigoris_Kapolas,5,2,5,0,5,0,6,0,2,8,6,2024-02-03
Tasos Past,5,2,7,0,7,1,8,0,0,8,8,2024-02-03
Notis311,5,2,6,0,6,1,6,0,2,8,6,2024-02-01
skroutzious,5,2,16,1,17,1,8,0,0,8,8,2024-02-01
specialistas,5,2,3,0,3,1,6,0,0,6,6,2024-01-30
gaijindragon2,2,1,-6,8,2,0,2,2,4,8,4,2024-01-25
Pantelis_Chsp,5,2,2,1,3,0,6,0,2,8,6,2024-01-20
MultiCulti unboxing,5,2,11,2,13,1,7,0,1,8,7,2024-01-16
Thanashs_Lampros,5,2,0,2,2,1,6,0,2,8,6,2024-01-14
tassos_gouraros,5,2,1,0,1,1,8,0,0,8,8,2024-01-08
Anastasia_Rigaki,5,2,9,1,10,1,8,0,0,8,8,2024-01-02
GAVRIIL_PANAGIOTIDIS,5,2,13,0,13,1,8,0,0,8,8,2024-01-01
Gerasimos_Christoforatos1554,5,2,1,0,1,1,6,0,2,8,6,2023-12-26
pleystoregooglle,5,2,1,3,4,1,5,0,1,6,5,2023-12-18
konkoutsios,5,2,3,1,4,1,7,0,1,8,7,2023-12-18
Nefeli_PSilou,3,0,-2,6,4,0,4,0,4,8,4,2023-12-17
Peinasmeno_Liontari,5,2,10,1,11,0,8,0,0,8,8,2023-12-10
geo_tsioutsioulis,5,2,9,0,9,1,8,0,0,8,8,2023-12-08
Buk,4,1,5,0,5,0,5,0,2,7,5,2023-12-08
aris.solomos,3,0,0,2,2,0,4,3,1,8,7,2023-12-02
Manos_kyzikos,5,2,1,3,4,0,8,0,0,8,8,2023-11-27
Silva_Gr,5,2,2,0,2,1,8,0,0,8,8,2023-11-14
tsakalakis,5,2,18,1,19,1,8,0,0,8,8,2023-11-05
konstantina Ν. Μπ.,2,1,-6,7,1,1,4,3,1,8,7,2024-02-21
Vasilis_M__Kouroublakis,5,2,3,0,3,0,6,0,2,8,6,2024-03-10
Steve_N25,4,1,0,0,0,1,7,0,1,8,7,2024-03-10
Chameleon Poppy,5,2,0,0,0,1,8,0,0,8,8,2024-01-19
AgnostosX,4,1,0,0,0,0,5,0,3,8,5,2023-09-02
Stam80s,5,2,3,0,3,1,6,0,2,8,6,2023-07-18
mia_fora_ki_enan_kairo,2,1,13,1,14,1,3,3,2,8,6,2023-07-05
JOHN6ATH,3,0,-1,2,1,1,4,2,1,7,6,2023-12-05
Coor_400,5,2,2,0,2,0,8,0,0,8,8,2023-11-27
anastasios.tzebelikos,5,2,3,0,3,1,7,0,0,7,7,2023-08-01
Ioannis_Gkoyntanas,5,2,10,0,10,0,6,0,1,7,6,2022-11-18
Andreas_Veglis,5,2,4,0,4,1,6,0,1,7,6,2022-11-01
Stefanos_D_Stefanos_D,2,1,17,0,17,0,6,1,1,8,7,2022-10-09
Teo_Skordas,5,2,37,0,37,1,7,0,1,8,7,2022-09-17
Vasilis_Tsintzilonis,5,2,1,1,2,1,0,0,0,0,0,2023-04-04
George_Lianantonakis,3,0,-2,2,0,0,4,0,3,7,4,2023-09-27
Mrs.Caterina,4,1,2,0,2,0,6,0,2,8,6,2023-09-13
dhmosp,4,1,-2,2,0,1,6,0,2,8,6,2023-08-18
Marios_din_thes,5,2,1,0,1,1,8,0,0,8,8,2023-08-09
PANOS_6515,5,2,8,1,9,1,6,0,1,7,6,2023-04-06
TheKelthun,3,0,4,4,8,1,3,0,5,8,3,2022-11-17
pantelis bo,5,2,9,1,10,1,8,0,0,8,8,2022-10-22
Andapap,4,1,2,0,2,1,7,0,1,8,7,2023-12-26
giannis_stougiannis22,5,2,2,0,2,1,8,0,0,8,8,2023-12-09
MIXKIZ,4,1,6,0,6,1,5,0,3,8,5,2023-12-01
George_Galanakis_R21,5,2,2,0,2,1,8,0,0,8,8,2023-11-21
lefteris k,5,2,8,0,8,1,7,0,1,8,7,2023-11-08
loukaidis,4,1,9,0,9,1,4,0,4,8,4,2023-10-30
alucardgreece73,5,2,9,0,9,0,6,0,2,8,6,2023-10-06
sokratiskotoulas272,5,2,2,1,3,0,6,0,2,8,6,2024-03-15
thanasis_koniaris1498,1,2,-5,7,2,0,2,3,2,7,5,2024-03-08
Konstantinos_P6446,4,1,1,1,2,1,6,0,2,8,6,2024-02-27
Mixalhs T.,5,2,6,1,7,1,8,0,0,8,8,2024-02-12
ketilioudaki,4,1,4,4,8,1,7,0,0,7,7,2024-01-27
KerneliacGR,1,2,-12,21,9,0,3,2,3,8,5,2024-01-22
Georgios_Zarkadoulas,2,1,-9,10,1,0,5,0,3,8,5,2024-01-20
astefani,5,2,8,1,9,0,8,0,0,8,8,2024-01-11
Dimitris_Leon79,4,1,-2,2,0,0,7,0,1,8,7,2024-01-07
Gsam78,5,2,0,2,2,0,8,0,0,8,8,2023-12-20
Soti_Giannakaki,5,2,8,2,10,0,8,0,0,8,8,2023-12-11
johnon37,5,2,20,2,22,0,8,0,0,8,8,2023-12-04
Panos_P25,5,2,9,2,11,1,8,0,0,8,8,2023-11-16
Dory_Dorothy,5,2,13,1,14,0,8,0,0,8,8,2023-11-02
thanasis_koniaris1498,1,2,-5,6,1,0,2,3,2,7,5,2024-03-08
KerneliacGR,1,2,-14,21,7,0,3,2,3,8,5,2024-01-22
Nontas_Tsionis,1,2,-13,14,1,0,0,0,0,0,0,2024-03-09
lakis_305,5,2,10,1,11,0,7,0,1,8,7,2024-03-08
Risto_Karagiannis,5,2,5,1,6,0,8,0,0,8,8,2024-03-01
klt4,5,2,12,1,13,0,8,0,0,8,8,2024-02-24
chris85fr,5,2,10,1,11,1,8,0,0,8,8,2024-02-20
Real Madrid 13,5,2,15,1,16,0,6,0,2,8,6,2024-01-27
rpap,5,2,9,2,11,0,7,0,0,7,7,2024-01-22
panos_dev_athens,5,2,12,1,13,0,6,0,2,8,6,2024-01-19
Nassos_Vlachos,5,2,17,1,18,1,8,0,0,8,8,2024-01-17
Yuri_F,5,2,9,1,10,0,8,0,0,8,8,2024-01-12
Kosmas karamoutas,5,2,23,2,25,0,8,0,0,8,8,2024-01-02
XXIVIII,5,2,16,3,19,0,8,0,0,8,8,2023-12-29
Kostas_Pasxalidis64,5,2,9,3,12,1,5,0,3,8,5,2023-12-26
Michael_Karagiannis43,4,1,18,1,19,0,8,0,0,8,8,2023-12-20
Anna_S_51,5,2,1,1,2,1,7,0,0,7,7,2023-12-18
Anastasios_Stavropoulos,5,2,20,2,22,0,8,0,0,8,8,2023-12-05
Nick_Christopoulos,4,1,-11,14,3,0,5,0,3,8,5,2023-12-02
fanis87,5,2,4,0,4,1,8,0,0,8,8,2023-11-16
Nontas_Tsionis,1,2,-11,12,1,0,0,0,0,0,0,2024-03-09
XXIVIII,5,2,16,3,19,0,8,0,0,8,8,2023-12-29
Manos_Kal,5,2,2,0,2,0,8,0,0,8,8,2023-11-25
dimmpo.111,4,1,0,3,3,0,5,0,1,6,5,2023-05-09
nikou_ilias,5,2,5,0,5,0,6,0,2,8,6,2023-04-12
andreas getsim,4,1,-2,4,2,1,7,0,1,8,7,2023-04-11
R5RX580,3,0,0,1,1,0,4,2,2,8,6,2024-03-04
bioms.strg,5,2,3,0,3,1,5,0,3,8,5,2024-03-02
E__Aerial,3,0,-4,6,2,0,1,0,7,8,1,2024-02-17
andreas_andreas1629,2,1,-3,6,3,0,7,0,1,8,7,2024-02-01
Ioannis_Gkoktsis,5,2,2,0,2,1,8,0,0,8,8,2024-01-30
tarouska4,5,2,1,0,1,0,8,0,0,8,8,2024-01-26
DIMITRIS_CHATZIIOANNIDIS2538,1,2,-3,7,4,0,4,1,3,8,5,2024-01-26
houliokos,5,2,-4,6,2,0,6,0,2,8,6,2024-01-04
Tripokaridos/Head-fi,5,2,11,1,12,0,0,0,0,0,0,2023-12-25
s0fos,5,2,21,0,21,1,8,0,0,8,8,2023-11-14
Noa_Frometa,5,2,-12,16,4,1,8,0,0,8,8,2023-10-31
giannisdil79,5,2,9,0,9,1,8,0,0,8,8,2023-10-24
Panos_Stav2837,4,1,10,2,12,0,3,0,5,8,3,2023-10-11
Xeil80,5,2,7,0,7,1,7,0,0,7,7,2023-10-10
GreekSonOfZeus,5,2,11,1,12,1,7,0,1,8,7,2023-10-03
Andreas_Andreas37,1,2,-19,22,3,0,1,5,2,8,6,2023-09-18
MariaRock_01,5,2,4,0,4,0,8,0,0,8,8,2023-09-12
Andreas_Andreas37,3,0,-8,14,6,0,2,1,5,8,3,2023-09-03
bebis19,5,2,11,0,11,0,7,0,0,7,7,2023-08-29
Gelly81,5,2,5,1,6,1,7,0,1,8,7,2023-08-22
Stavros_Batakis,5,2,7,0,7,0,8,0,0,8,8,2023-04-22
Vasilis_Papamanolioudakis,1,2,-24,35,11,1,5,0,3,8,5,2023-02-12
Angelos_Korelas,4,1,5,0,5,0,4,0,1,5,4,2023-02-08
Antonis_k_gr_G,5,2,9,1,10,0,6,0,2,8,6,2022-12-17
R5RX580,3,0,0,1,1,0,4,2,2,8,6,2024-03-04
dimitris1800t,4,1,3,4,7,0,2,0,6,8,2,2023-09-01
dimitris1800t,4,1,3,4,7,0,2,0,6,8,2,2023-09-01
dimitris_christ,5,2,6,0,6,1,8,0,0,8,8,2023-12-13
Panagiotis_Stathoulopoulos,5,2,1,1,2,1,7,0,1,8,7,2023-10-24
dimos.dod,2,1,-18,23,5,0,2,2,4,8,4,2023-09-11
dukerider,4,1,7,1,8,0,4,0,3,7,4,2023-06-19
tks76,5,2,16,0,16,1,6,0,2,8,6,2023-04-04
porgos,5,2,20,0,20,0,7,0,1,8,7,2023-01-03
Sp007,5,2,47,0,47,1,7,0,0,7,7,2022-09-13
evitabeltsidou,4,1,1,1,2,0,7,0,1,8,7,2024-03-14
Thanos_Mi306,5,2,0,0,0,1,6,0,2,8,6,2024-03-12
vasilis_papaioannou7949,5,2,2,0,2,1,5,0,3,8,5,2024-03-09
mmau29,4,1,1,0,1,1,7,0,1,8,7,2024-02-29
telimeliteli,5,2,2,0,2,1,8,0,0,8,8,2024-02-27
lfouka,5,2,6,0,6,1,8,0,0,8,8,2024-02-27
feradourosgre,5,2,4,0,4,1,6,0,1,7,6,2024-02-07
faethwn33,5,2,3,1,4,0,6,0,2,8,6,2024-02-04
HarisTzi,5,2,2,1,3,1,8,0,0,8,8,2024-01-31
fotini.anna,4,1,-4,5,1,1,4,2,1,7,6,2024-01-17
Yiannis_P,5,2,29,0,29,1,8,0,0,8,8,2024-01-12
grfilip,4,1,7,1,8,0,5,2,1,8,7,2024-01-05
Christos_Varzokas,5,2,3,0,3,1,8,0,0,8,8,2024-01-03
KOSTANTINOS_MPERKIS,5,2,18,0,18,0,8,0,0,8,8,2023-12-22
piznikos,5,2,1,0,1,1,7,0,1,8,7,2023-11-28
Katyy,4,1,-5,6,1,0,7,0,1,8,7,2023-11-08
evitabeltsidou,4,1,-1,1,0,0,7,0,1,8,7,2024-03-14
vasilis_papaioannou7949,5,2,1,0,1,1,5,0,3,8,5,2024-03-09
mmau29,4,1,0,0,0,1,7,0,1,8,7,2024-02-29
telimeliteli,5,2,1,0,1,1,8,0,0,8,8,2024-02-27
lfouka,5,2,4,0,4,1,8,0,0,8,8,2024-02-27
feradourosgre,5,2,3,0,3,1,6,0,1,7,6,2024-02-07
sakisanestidis1989,5,2,0,2,2,0,8,0,0,8,8,2023-10-07
smpetros,5,2,13,1,14,0,8,0,0,8,8,2023-08-13
andiandi*,5,2,1,0,1,1,8,0,0,8,8,2024-02-13
taktok,2,1,-1,1,0,0,2,4,2,8,6,2024-02-11
tasinolakia,4,1,5,1,6,0,3,1,4,8,4,2023-11-27
Antonis/techitnews,4,1,-2,12,10,0,5,0,3,8,5,2023-08-06
nipap123,4,1,1,0,1,1,2,1,2,5,3,2023-12-12
Nikos_Rogkas,1,2,-1,1,0,1,0,7,1,8,7,2023-06-11
Gas_Monog,5,2,3,0,3,1,6,0,0,6,6,2023-12-17
Xristos_Vlaxos3,4,1,0,0,0,1,4,2,2,8,6,2023-11-29
tziotitheo,5,2,3,0,3,1,5,0,3,8,5,2023-10-21
Tili68,5,2,4,1,5,0,8,0,0,8,8,2023-05-20
TEO_MANAROLLI,2,1,1,1,2,0,3,1,4,8,4,2023-11-20
Oliana19,4,1,1,1,2,1,6,0,0,6,6,2023-05-30
ELLHNAS_MAXHTHS,5,2,-1,1,0,1,5,0,0,5,5,2023-05-09
thome_sama,5,2,5,2,7,0,6,0,2,8,6,2022-07-16
dinosdiaman33,5,2,0,0,0,1,5,0,3,8,5,2024-02-13
laz37283,1,2,0,0,0,1,0,7,1,8,7,2024-02-02
lefteris k,4,1,2,0,2,1,2,0,3,5,2,2023-12-18
vas61gr,2,1,-2,3,1,1,1,4,1,6,5,2023-11-14
Μελάς Νίκος,1,2,-3,3,0,1,0,4,4,8,4,2023-11-04
Nj_Zell,1,2,-1,2,1,0,0,6,2,8,6,2023-10-22
petrosnikolaou76,1,2,-1,1,0,1,0,1,1,2,1,2023-10-13
tsampika_oikouta,1,2,0,0,0,1,3,4,1,8,7,2023-09-26
manolis940,3,0,1,0,1,1,1,0,2,3,1,2023-07-25
gerrybezhani,1,2,1,0,1,1,0,6,1,7,6,2023-06-27
konstantinoss_,5,2,0,0,0,1,5,0,0,5,5,2023-05-28
G.MW,3,0,3,0,3,1,3,5,0,8,8,2023-04-04
mariatzela7,5,2,2,0,2,1,4,4,0,8,8,2023-02-09
Vespinopolini,5,2,2,0,2,1,4,0,1,5,4,2023-01-31
Ageliki_Vlachou_Vlachopoulou,5,2,5,0,5,1,5,0,0,5,5,2022-08-03
Emilios Buas,1,2,-28,30,2,0,0,7,0,7,7,2022-06-22
Giorgos_fotiadis52,4,1,8,1,9,0,5,0,1,6,5,2022-06-03
GEORGIOS Τ,4,1,5,1,6,1,2,2,4,8,4,2022-05-12
Gianna_Antw,4,1,8,1,9,1,6,0,0,6,6,2022-01-12
Eosforos Avgerinos,2,1,-6,13,7,1,2,2,2,6,4,2021-12-08
Gouma_Katerina,2,1,-6,14,8,1,2,5,1,8,7,2021-11-09
i-F8,4,1,4,1,5,0,4,0,1,5,4,2021-11-01
christos.theodoro,5,2,14,8,22,0,4,0,2,6,4,2021-10-27
xristopoulos23,4,1,0,5,5,0,4,2,2,8,6,2021-03-23
Zambi,2,1,-3,8,5,1,1,2,4,7,3,2021-01-14
tstverikoko,2,1,-4,14,10,0,0,0,0,0,0,2020-12-24
Βεντούρη,4,1,6,1,7,0,4,0,2,6,4,2020-11-09
Gouma_Katerina,2,1,-6,14,8,1,2,5,1,8,7,2021-11-09
g7u7zgob,1,2,0,0,0,1,1,6,1,8,7,2023-12-24
Gregy_Tsak,5,2,2,2,4,1,4,0,0,4,4,2023-04-30
nkdiamant,1,2,-10,18,8,1,0,8,0,8,8,2022-02-15
vaschat,5,2,0,0,0,1,6,0,0,6,6,2024-02-28
theodorou_sotiris,5,2,6,0,6,1,5,0,1,6,5,2024-01-02
antreaspavlidis,3,0,-3,3,0,0,2,5,1,8,7,2023-12-12
Alexandros_Vekiloglou,5,2,1,0,1,1,1,0,2,3,1,2023-12-01
MaGGoT52,1,2,-1,2,1,1,1,1,0,2,2,2023-11-27
Giorgos_Z_5275,1,2,2,1,3,0,1,2,2,5,3,2023-10-12
marko_polo56,1,2,2,1,3,0,0,5,0,5,5,2023-08-19
dimitris_alafer,2,1,1,1,2,1,1,3,4,8,4,2023-08-16
George_Kanonis,5,2,5,0,5,1,6,0,0,6,6,2023-07-28
Nikos_Evangelou,5,2,2,0,2,1,5,2,1,8,7,2023-07-04
Dimitra_Papa80,1,2,-2,2,0,0,1,4,3,8,5,2023-05-29
nzarbis,3,0,1,0,1,1,4,4,0,8,8,2023-01-26
dimmi02,3,0,3,0,3,1,3,2,3,8,5,2022-12-06
happinessva,4,1,2,0,2,1,4,2,2,8,6,2022-10-09
panino7,4,1,3,0,3,0,4,0,4,8,4,2021-12-28
Spyros_Chirdaris,1,2,3,0,3,1,4,1,1,6,5,2021-12-08
newbee,3,0,5,0,5,1,0,3,5,8,3,2021-07-12
paei.o.nikofski,5,2,-1,12,11,0,6,1,1,8,7,2020-11-27
ManosMamalakis,3,0,9,3,12,0,4,2,2,8,6,2020-07-21
Ilias_Kats,2,1,8,4,12,0,0,4,4,8,4,2020-01-03
Klarol_Mavrogiannis,3,0,0,0,0,1,2,0,3,5,2,2024-03-12
Kalli_Angel,5,2,0,0,0,1,0,0,0,0,0,2024-02-20
dianic,2,1,-1,1,0,0,3,4,1,8,7,2024-02-19
zapzap,5,2,3,1,4,0,6,0,0,6,6,2023-12-31
arist06,4,1,4,2,6,0,4,3,1,8,7,2023-10-27
zapzap,3,0,8,8,16,1,2,4,2,8,6,2021-12-25
tel06taxiarchis,4,1,1,0,1,0,5,1,2,8,6,2023-09-08
cris_thess,5,2,9,1,10,0,5,0,0,5,5,2021-12-16
_tom_gous__,4,1,2,0,2,0,5,0,3,8,5,2020-09-14
XMspeed80021,2,1,6,3,9,0,2,2,4,8,4,2019-08-19
drjo,1,2,11,3,14,0,5,3,0,8,8,2019-08-17
panosBC,5,2,-1,4,3,1,4,3,1,8,7,2019-06-04
Giannis_Kontos56,1,2,9,2,11,0,2,3,1,6,5,2019-01-22
dimlou,4,1,1,2,3,0,3,0,1,4,3,2019-01-08
giorgio_p,4,1,7,0,7,0,3,0,0,3,3,2018-07-07
Hi tech love,3,0,4,3,7,0,4,3,0,7,7,2018-01-10
bgianis,4,1,12,0,12,0,4,2,1,7,6,2017-12-12
Παναγιωτης ΠΑν πΑν,2,1,0,0,0,0,2,2,4,8,4,2024-01-09
Eythymios_Pandraklakis,4,1,0,0,0,1,1,4,3,8,5,2023-12-07
foraditsa21,5,2,1,0,1,1,4,3,0,7,7,2023-10-09
Scirocco10,5,2,8,0,8,1,6,0,2,8,6,2021-01-10
Alexandros_CHontolidis,1,2,-11,21,10,1,0,6,0,6,6,2020-12-31
MrSync,4,1,6,1,7,0,1,3,3,7,4,2020-10-20
taxi65laganas,1,2,13,3,16,0,3,5,0,8,8,2020-10-19
Stva,4,1,4,0,4,0,3,0,0,3,3,2020-09-11
Joannoula_P,4,1,5,1,6,0,3,0,1,4,3,2020-09-09
aggelos30022,1,2,0,4,4,0,1,6,1,8,7,2020-08-30
nikoskaras61,5,2,1,0,1,1,5,0,0,5,5,2023-12-20
Despoina_TERZOPOULOU7706,3,0,-6,6,0,1,0,0,0,0,0,2023-12-05
Mr Sun0065,3,0,-1,1,0,0,4,0,4,8,4,2023-10-19
cris_47,3,0,2,0,2,0,4,2,2,8,6,2023-09-11
i-F8,4,1,6,0,6,0,5,0,3,8,5,2022-08-14
agerop03,4,1,9,0,9,1,5,0,0,5,5,2021-01-23
tmd,2,1,3,5,8,0,0,4,4,8,4,2019-11-05
ts.panagiotis,2,1,0,6,6,0,2,2,4,8,4,2019-10-23
καλχας,3,0,12,2,14,0,0,3,5,8,3,2019-10-10
jamless_child,5,2,3,0,3,1,6,0,2,8,6,2024-02-07
ΡΑVMK3,1,2,-9,9,0,0,0,5,3,8,5,2023-12-03
kastanaevagelia,3,0,2,1,3,1,4,2,2,8,6,2023-09-26
Ir_S,1,2,2,2,4,0,0,0,0,0,0,2023-08-26
bekiaropoulou,2,1,1,0,1,1,1,3,4,8,4,2023-08-08
marinavlk,4,1,2,2,4,1,3,0,2,5,3,2023-06-06
Traveller Chris,2,1,3,0,3,1,0,4,4,8,4,2023-06-06
MrSync,1,2,6,1,7,0,2,5,0,7,7,2023-04-12
Σταθης Κοτζακ,4,1,2,1,3,1,6,0,0,6,6,2023-03-18
sfridas1,4,1,1,1,2,1,6,0,2,8,6,2023-01-31
Kostas_Avdikos,5,2,6,0,6,1,5,0,3,8,5,2023-01-19
_efi_,5,2,7,0,7,0,5,2,1,8,7,2023-01-01
i-F8,5,2,12,0,12,0,6,0,2,8,6,2022-12-03
jamless_child,5,2,2,0,2,1,6,0,2,8,6,2024-02-07
ΡΑVMK3,1,2,-8,8,0,0,0,5,3,8,5,2023-12-03
Ir_S,1,2,2,1,3,0,0,0,0,0,0,2023-08-26
bekiaropoulou,2,1,0,0,0,1,1,3,4,8,4,2023-08-08
marinavlk,4,1,3,1,4,1,3,0,2,5,3,2023-06-06
Traveller Chris,2,1,2,0,2,1,0,4,4,8,4,2023-06-06
jamless_child,5,2,1,0,1,1,6,0,2,8,6,2024-02-07
Eleni_Pispirikou,5,2,5,0,5,1,5,2,1,8,7,2023-05-23
danis_k4902,1,2,1,0,1,0,3,2,3,8,5,2022-08-26
alexandros_tsil,5,2,8,0,8,0,5,3,0,8,8,2022-06-14
i-F8,5,2,6,0,6,0,5,0,2,7,5,2021-10-01
Vanessa Gal.,3,0,3,6,9,0,0,0,0,0,0,2021-06-18
Spidey1,1,2,1,5,6,0,3,1,2,6,4,2020-08-19
teo2411,4,1,8,2,10,0,6,2,0,8,8,2020-05-01
sarah.fa1999,5,2,8,0,8,0,8,0,0,8,8,2020-03-08
Panos_Theo,5,2,10,2,12,1,5,3,0,8,8,2019-04-05
george_george3,1,2,-7,21,14,0,1,1,3,5,2,2018-12-14
Panos977,5,2,3,5,8,0,6,1,1,8,7,2018-11-09
gpaizis,1,2,6,29,35,0,1,1,4,6,2,2018-07-10
tmd,1,2,6,8,14,0,0,2,5,7,2,2018-02-03
coach_11,3,0,-8,16,8,0,3,2,3,8,5,2017-12-24
Imanuel_Tk,3,0,11,2,13,0,3,0,4,7,3,2017-12-12
Petros_Ragkousis,5,2,4,4,8,0,7,0,0,7,7,2017-10-16
jj_dd,5,2,58,22,80,0,4,1,3,8,5,2017-09-29
CHristoforidis_Ilias,5,2,5,2,7,0,5,0,0,5,5,2017-09-23
nikos751979,5,2,7,3,10,0,5,0,2,7,5,2017-08-26
Lazaros.gwg,4,1,12,2,14,0,4,2,1,7,6,2017-08-17
ManosMamalakis,4,1,17,1,18,0,5,0,2,7,5,2017-08-02
zervasnik,3,0,1,17,18,0,3,0,4,7,3,2017-06-29
pyxlax22,4,1,26,3,29,0,5,0,2,7,5,2017-06-29
Mr Sun0065,3,0,0,0,0,0,5,0,3,8,5,2023-10-19
spiros Paleo,4,1,0,0,0,0,3,2,3,8,5,2023-09-14
Scorpion king85,1,2,0,5,5,0,1,4,3,8,5,2022-07-15
dimibala,4,1,11,1,12,0,3,3,1,7,6,2022-04-22
rompen,4,1,8,0,8,0,5,0,3,8,5,2022-03-08
adionysopoulos,2,1,2,2,4,0,5,0,3,8,5,2021-08-06
nikospastelakos,3,0,-5,6,1,1,1,3,4,8,4,2021-05-25
kapskost,2,1,1,2,3,1,5,0,3,8,5,2021-05-20
Sofiapls_03,4,1,3,4,7,0,6,0,2,8,6,2021-04-11
anthi Anthi,2,1,4,2,6,0,3,1,3,7,4,2021-01-09
mpiskotakis83,4,1,22,0,22,0,7,0,0,7,7,2020-12-23
anastasioucwg,3,0,5,1,6,0,0,2,6,8,2,2020-12-17
DIMITRIS_33,1,2,9,1,10,0,3,3,2,8,6,2020-12-10
giorgosalatsakis1,4,1,-6,11,5,0,0,7,1,8,7,2020-09-05
dimceram,4,1,11,2,13,0,5,2,1,8,7,2020-08-28
odorelisavet,1,2,0,0,0,1,1,6,1,8,7,2024-02-09
VAGGELIS_FIKIAS1575,1,2,3,0,3,0,2,4,2,8,6,2023-12-01
F938417,4,1,2,0,2,1,2,2,4,8,4,2023-10-16
τάκης-666,1,2,1,0,1,0,3,3,2,8,6,2023-10-19
spiros Paleo,1,2,2,2,4,1,1,3,3,7,4,2023-09-28
kleoniki_Skandali,1,2,1,2,3,1,1,7,0,8,8,2023-09-06
dimitris_alafer,5,2,5,0,5,1,8,0,0,8,8,2023-08-18
dinakisk,3,0,2,1,3,1,4,3,0,7,7,2023-07-18
Adamantia_Baketa,3,0,3,2,5,1,4,2,2,8,6,2023-02-28
dimt1509,2,1,13,11,24,0,0,1,1,2,1,2022-06-27
i-F8,3,0,3,12,15,0,3,1,4,8,4,2022-05-08
spiros Paleo,1,2,0,0,0,0,2,3,3,8,5,2024-01-04
yb75,1,2,-3,3,0,0,0,5,2,7,5,2023-08-24
Mr Sun0065,5,2,4,0,4,0,8,0,0,8,8,2023-07-11
THEODOROS_KRASSAS,1,2,0,7,7,0,1,3,4,8,4,2023-06-24
andgoun,1,2,15,2,17,0,0,0,0,0,0,2023-05-16
psichalasnickos,1,2,3,4,7,0,1,5,0,6,6,2023-04-25
stella1982,3,0,1,4,5,1,3,1,3,7,4,2023-02-07
Δημήτριος Π,3,0,-1,1,0,0,4,0,3,7,4,2023-12-23
Gejoxa,1,2,1,1,2,0,2,1,5,8,3,2023-06-15
Andreas7793,1,2,4,1,5,0,1,2,5,8,3,2023-04-19
vasilis_pao139928,1,2,2,1,3,1,0,5,3,8,5,2023-04-18
Nikolaos Kalogirou,5,2,13,2,15,1,6,0,2,8,6,2022-09-20
dmrosesm,4,1,0,0,0,0,7,0,1,8,7,2024-02-18
paritzis,1,2,-1,2,1,0,3,2,3,8,5,2024-01-03
konstamak,2,1,4,1,5,0,2,0,0,2,2,2023-08-20
apollo11,4,1,12,0,12,0,2,0,3,5,2,2023-07-10
konstadi73,5,2,7,0,7,1,7,0,0,7,7,2024-01-20
Dino Papachristofilou,5,2,6,2,8,0,7,0,1,8,7,2024-01-03
kompletopoulos,1,2,-14,17,3,0,3,0,5,8,3,2023-12-19
Patsino72,5,2,3,1,4,1,8,0,0,8,8,2023-12-03
mountoudis,5,2,1,1,2,1,8,0,0,8,8,2024-01-03
AsteroidAniseed93,3,0,-7,11,4,0,1,1,6,8,2,2023-10-07
Antonios_Alexandros_Manouel,5,2,-2,13,11,0,8,0,0,8,8,2023-03-01
pkoutroub,1,2,-3,3,0,1,5,1,2,8,6,2024-01-02
Antwniooo,4,1,1,0,1,0,4,0,3,7,4,2023-11-24
Panagiotis_Kasimatis76,5,2,9,3,12,0,6,0,2,8,6,2022-12-27
Edgar_Friendly,5,2,18,3,21,1,7,0,1,8,7,2022-04-16
Meiko Shiraki,5,2,11,0,11,0,8,0,0,8,8,2024-02-12
Inhealion,5,2,6,0,6,1,6,0,2,8,6,2024-02-11
Aggelos_Chras,5,2,13,0,13,0,8,0,0,8,8,2024-01-18
giantioy42,5,2,3,0,3,0,8,0,0,8,8,2023-12-26
ggkavlos,5,2,0,3,3,0,7,0,1,8,7,2023-12-11
Stathis_K_30,5,2,8,6,14,0,8,0,0,8,8,2023-11-30
Meiko Shiraki,5,2,9,0,9,0,8,0,0,8,8,2024-02-12
Inhealion,5,2,5,0,5,1,6,0,2,8,6,2024-02-11
Stathis_K_30,5,2,7,6,13,0,8,0,0,8,8,2023-11-30
CLIO ANNA,4,1,1,0,1,1,4,1,3,8,5,2022-06-14
Πασκουαλ,3,0,1,0,1,1,2,4,2,8,6,2022-02-11
acclippe,3,0,2,0,2,1,0,1,5,6,1,2021-02-09
tasos_kal10,5,2,1,1,2,0,5,0,1,6,5,2020-09-18
euri_p,4,1,4,0,4,1,3,0,3,6,3,2020-07-16
pantelisquickly,1,2,4,1,5,1,0,0,0,0,0,2021-03-08
1T,5,2,9,0,9,1,4,0,0,4,4,2020-06-29
Stavros_Pantelidis__turkeyhist,5,2,0,0,0,0,6,0,0,6,6,2024-01-16
Christos_Letsios2310,5,2,0,0,0,0,1,0,0,1,1,2024-01-16
Kyriakos_Papagiannis1306,5,2,-1,1,0,1,4,0,3,7,4,2023-09-07
1973.aladdinsane,1,2,4,0,4,0,0,0,0,0,0,2022-06-01
Giorgos_Pagiatakis,1,2,3,0,3,1,2,2,2,6,4,2022-02-22
1973.aladdinsane,1,2,5,0,5,0,0,0,0,0,0,2022-06-01
Giorgos_Pagiatakis,1,2,4,0,4,1,2,2,2,6,4,2022-02-22
TzenAkis,2,1,1,1,2,0,0,1,5,6,1,2021-12-31
billdanos,2,1,2,2,4,1,1,5,2,8,6,2021-02-18
KOSTAS_KAKOSIMOS,4,1,2,0,2,1,6,0,1,7,6,2020-11-18
vasilikitsim,5,2,2,0,2,0,8,0,0,8,8,2020-09-23
Agnostus,5,2,2,1,3,0,6,0,2,8,6,2020-09-21
net1,3,0,0,0,0,1,1,0,1,2,1,2024-02-19
galadrieltlm,5,2,3,0,3,1,4,0,0,4,4,2023-10-07
thodoris_Eystratoudakis,5,2,3,0,3,1,5,3,0,8,8,2021-07-13
autokini,1,2,-1,4,3,0,2,5,1,8,7,2019-10-20
astrolavos7777,4,1,2,0,2,0,2,2,3,7,4,2019-04-23
Panagiotis_Veglitsidis,5,2,2,0,2,1,8,0,0,8,8,2022-03-09
dim_germanlis,1,2,-2,2,0,0,0,3,2,5,3,2021-04-05
RedBird,5,2,2,0,2,0,5,0,0,5,5,2021-03-09
Maria_CHavele8365,3,0,3,0,3,1,3,1,0,4,4,2021-08-31
aekaraapokounia,3,0,-6,13,7,0,6,1,1,8,7,2023-11-16
tsimkara,5,2,1,2,3,1,7,1,0,8,8,2023-10-24
Mike_Papadopoulos25,5,2,12,1,13,0,7,0,1,8,7,2023-08-28
Mikmike,4,1,7,0,7,0,6,0,2,8,6,2023-07-30
Stelios_Argetakis,1,2,-5,27,22,0,3,3,2,8,6,2023-05-19
adali,5,2,5,2,7,1,8,0,0,8,8,2023-03-31
Mike_Voud,5,2,11,2,13,0,8,0,0,8,8,2023-02-27
ravash77,5,2,17,3,20,0,8,0,0,8,8,2023-01-10
blackys_cy,5,2,8,6,14,0,5,0,1,6,5,2022-12-13
panos.damianidis.7,5,2,0,0,0,0,6,0,1,7,6,2022-11-26
Giorgos_Papatheodorou,5,2,-4,12,8,1,6,0,2,8,6,2022-09-20
Heisenberg.,5,2,13,1,14,0,8,0,0,8,8,2022-07-05
Panos_Zisis,5,2,14,4,18,1,8,0,0,8,8,2022-07-04
ilias ts,5,2,31,1,32,0,8,0,0,8,8,2022-06-28
kbadkost,5,2,6,21,27,1,8,0,0,8,8,2022-05-28
Tlp_Twins_Tlp_Twins_official,4,1,-8,21,13,0,6,0,2,8,6,2022-05-26
aekaraapokounia,3,0,-7,13,6,0,6,1,1,8,7,2023-11-16
Mike_Voud,5,2,10,2,12,0,8,0,0,8,8,2023-02-27
tasosc98,5,2,1,0,1,1,8,0,0,8,8,2024-01-15
vagvll,5,2,3,0,3,0,8,0,0,8,8,2024-01-10
johnny.kan1984,5,2,1,0,1,0,8,0,0,8,8,2023-12-12
Nik_Bbs,3,0,-2,7,5,0,1,1,6,8,2,2023-11-06
Evangelos_Efstathiadis,5,2,10,0,10,0,8,0,0,8,8,2023-10-26
Aggelos_Telkis,4,1,1,0,1,1,6,0,2,8,6,2023-10-20
epplimnios,5,2,3,0,3,0,8,0,0,8,8,2023-10-11
Loukas_D,4,1,-2,4,2,1,8,0,0,8,8,2023-10-10
tskistakis,5,2,3,0,3,0,8,0,0,8,8,2023-09-26
marp95,4,1,-2,5,3,0,5,2,1,8,7,2023-09-11
acas_Pao,4,1,-7,9,2,0,5,0,3,8,5,2023-08-17
Sotiris_Tz3240,5,2,3,0,3,0,7,0,0,7,7,2023-07-26
Incognitus_Inco,5,2,5,3,8,0,8,0,0,8,8,2023-06-24
greece_ar,5,2,3,1,4,0,7,0,1,8,7,2023-06-10
nikos_kariniotis,5,2,5,1,6,0,8,0,0,8,8,2023-05-27
nestak13,5,2,11,0,11,1,8,0,0,8,8,2023-05-10
Nick Traian,5,2,9,1,10,1,8,0,0,8,8,2023-04-15
haristziros,5,2,7,6,13,0,8,0,0,8,8,2023-03-14
Κυριάκος Γεωργίου,5,2,-3,9,6,1,8,0,0,8,8,2022-12-08
Pan_dlm,3,0,-9,12,3,1,2,1,5,8,3,2024-02-07
gregv74,5,2,-1,1,0,0,8,0,0,8,8,2024-01-17
ANTΩΝΗΣ,5,2,8,0,8,1,7,0,0,7,7,2024-01-14
grig.,5,2,0,0,0,0,8,0,0,8,8,2024-01-07
Ioannis_Chassapis,5,2,2,0,2,1,7,0,0,7,7,2024-01-02
Χρήστος Παπαδόπουλος,5,2,13,5,18,0,8,0,0,8,8,2023-11-22
ChamSys_86,1,2,-21,28,7,0,3,2,3,8,5,2023-11-03
John_SIN,5,2,6,5,11,0,6,0,0,6,6,2023-10-01
Hra_Sti,2,1,-58,64,6,0,6,1,1,8,7,2023-09-22
Red_Billys,4,1,-20,24,4,0,4,0,4,8,4,2023-09-18
Athanasios_Avramis,5,2,6,7,13,0,8,0,0,8,8,2023-09-03
Kyprianos33,5,2,1,12,13,0,8,0,0,8,8,2023-08-08
dim.bogordos,3,0,-2,15,13,0,5,0,3,8,5,2023-08-04
Techfreak45,5,2,2,6,8,0,8,0,0,8,8,2023-07-27
Yannis67,3,0,-89,97,8,0,8,0,0,8,8,2023-07-23
_kourtanas,5,2,2,4,6,1,8,0,0,8,8,2023-07-14
AekOriginal_WestSide,5,2,2,7,9,0,8,0,0,8,8,2023-07-08
masouris,5,2,8,7,15,0,8,0,0,8,8,2023-06-26
Antreas Villio,5,2,7,0,7,0,8,0,0,8,8,2024-03-08
Nikolas2,4,1,2,3,5,0,6,0,2,8,6,2024-02-28
Luke1980,4,1,3,1,4,0,8,0,0,8,8,2024-02-27
marios.τσρβσ,5,2,7,3,10,0,8,0,0,8,8,2024-02-23
George A.g,5,2,17,5,22,0,8,0,0,8,8,2024-02-15
Antreas Villio,5,2,9,0,9,0,8,0,0,8,8,2024-03-08
anastasia_gavriilidou,3,0,3,2,5,0,6,0,2,8,6,2020-09-05
Kostas_Rammos,5,2,3,1,4,0,7,0,1,8,7,2020-03-08
moi.angel13,5,2,5,1,6,0,8,0,0,8,8,2020-03-05
Anastasia_Grammenopoylou,5,2,5,0,5,0,8,0,0,8,8,2020-01-28
ALEX MARSHAL,2,1,-21,27,6,0,4,1,3,8,5,2019-12-27
Ni1,5,2,6,0,6,1,8,0,0,8,8,2019-12-22
Kwstas_Giannop,5,2,2,4,6,0,6,0,2,8,6,2019-10-21
chris_more,4,1,-3,10,7,0,5,0,3,8,5,2019-10-08
manos365,5,2,7,7,14,0,8,0,0,8,8,2019-05-05
Nic_Vaz,5,2,5,8,13,0,8,0,0,8,8,2019-04-29
xrhstos_xrhstou,4,1,1,6,7,0,6,0,2,8,6,2019-04-18
paylos_karampelesis,4,1,-4,13,9,0,5,0,3,8,5,2019-04-05
ThePanos77,5,2,3,5,8,1,8,0,0,8,8,2019-03-29
sir_mo,4,1,3,12,15,0,5,0,3,8,5,2019-03-09
xristoskonstantis,1,2,-26,36,10,0,2,3,3,8,5,2019-03-09
kiotakis,5,2,4,3,7,0,8,0,0,8,8,2019-02-22
VassilisK,4,1,-55,67,12,0,8,0,0,8,8,2019-02-10
Ilias.ag,5,2,12,1,13,0,8,0,0,8,8,2019-02-09
oneplu,5,2,11,2,13,0,8,0,0,8,8,2019-01-17
takisrvv,5,2,1,6,7,0,8,0,0,8,8,2019-01-15
takisrv,5,2,1,6,7,0,8,0,0,8,8,2019-01-15
ALEX MARSHAL,2,1,-22,28,6,0,4,1,3,8,5,2019-12-27
Thodoris_Hatz,5,2,4,0,4,0,7,0,1,8,7,2021-11-19
immortal.mn,5,2,3,0,3,0,8,0,0,8,8,2021-03-12
Mpekatsas 56,4,1,-8,13,5,0,6,0,2,8,6,2020-04-14
ar0nis92,5,2,16,3,19,0,8,0,0,8,8,2020-03-21
ggkavlos,5,2,6,3,9,0,8,0,0,8,8,2020-03-11
Mike_Aldebaran,5,2,11,1,12,0,8,0,0,8,8,2020-03-01
S@kis,5,2,10,1,11,0,8,0,0,8,8,2020-02-19
DocMenios,5,2,12,0,12,1,7,0,1,8,7,2020-01-28
Constantinos_Mns,5,2,16,0,16,0,8,0,0,8,8,2020-01-23
Johnk1,5,2,8,0,8,0,8,0,0,8,8,2020-01-22
Giorgos_Papadakis27,5,2,7,1,8,0,8,0,0,8,8,2020-01-22
KatKan99,5,2,12,0,12,0,8,0,0,8,8,2020-01-21
Gmwu01,5,2,5,0,5,0,4,0,0,4,4,2019-12-08
sarantis2,5,2,16,1,17,1,8,0,0,8,8,2019-11-26
Simaio,5,2,15,8,23,0,8,0,0,8,8,2019-10-19
VassilianoTv__gr_Official,4,1,1,0,1,0,7,0,1,8,7,2022-10-30
johnsinas800,5,2,2,0,2,0,6,0,0,6,6,2022-08-10
Damalios_Lithos,5,2,9,0,9,0,8,0,0,8,8,2021-12-25
h4r0uLiS,5,2,8,0,8,0,8,0,0,8,8,2021-10-30
treliarikogatwni,5,2,6,0,6,0,8,0,0,8,8,2021-04-12
AntoniSGeo,4,1,3,1,4,0,5,0,3,8,5,2021-02-03
MikeGrafanakis,5,2,6,0,6,0,7,0,1,8,7,2021-01-17
i_lampros,3,0,-3,16,13,0,4,1,3,8,5,2020-09-08
Hlias__Mpinas,4,1,0,6,6,0,7,1,0,8,8,2020-09-04
petroskalamata,4,1,-3,8,5,0,7,1,0,8,8,2020-09-01
zuglas,5,2,3,2,5,0,8,0,0,8,8,2020-08-31
hliaspap68,5,2,7,1,8,0,8,0,0,8,8,2020-08-25
Kwstas_Giannop,5,2,8,2,10,0,8,0,0,8,8,2020-08-24
Dimitris_Papadopoulo1598012824,5,2,6,3,9,0,8,0,0,8,8,2020-08-21
panoszavra,5,2,3,2,5,0,8,0,0,8,8,2020-08-19
atsigris,5,2,6,1,7,1,8,0,0,8,8,2020-08-04
Panagiotis_Margaritis48,5,2,-5,13,8,0,4,2,2,8,6,2020-05-04
Kostas_Zompros,3,0,-78,86,8,0,4,1,3,8,5,2020-05-03
stelioslaios1998,5,2,17,1,18,0,8,0,0,8,8,2020-03-09
giorgos333,5,2,20,3,23,0,7,0,1,8,7,2020-02-14
sfikas07,5,2,3,1,4,0,7,0,1,8,7,2019-12-23
emmanouil_spyropoulos,5,2,6,11,17,0,8,0,0,8,8,2019-12-20
ilias ts,5,2,7,3,10,0,8,0,0,8,8,2019-12-17
Spiros_Tampakis73,5,2,2,8,10,0,8,0,0,8,8,2019-10-22
michaeltsag,5,2,2,0,2,0,8,0,0,8,8,2023-09-28
ioannis.ioannidis,3,0,8,0,8,0,4,1,3,8,5,2023-04-04
Triantafullos_Christoforidis,4,1,2,0,2,0,6,0,2,8,6,2023-03-15
GIANNIS_ATHANASIOU411,5,2,2,0,2,0,7,0,1,8,7,2023-02-19
DIMITRIOS_CHORTIS,4,1,-1,1,0,1,7,0,1,8,7,2023-02-07
Exelmnos,5,2,3,0,3,0,8,0,0,8,8,2023-01-02
Vaso_Tdm,5,2,7,0,7,0,8,0,0,8,8,2022-11-09
Στάμος Κ.,5,2,1,0,1,0,7,0,1,8,7,2022-10-26
ikariotis,5,2,2,0,2,0,8,0,0,8,8,2022-10-24
marios47645,5,2,-1,2,1,1,7,0,1,8,7,2022-10-10
argyris_tifosi,5,2,4,0,4,0,7,0,1,8,7,2022-09-19
ilias.sv,4,1,-7,11,4,0,5,1,2,8,6,2022-09-05
Yiorgos_Yiannios,5,2,10,3,13,0,8,0,0,8,8,2022-05-23
VCPlou,5,2,7,3,10,0,7,0,1,8,7,2022-03-18
kkostas61,5,2,65,27,92,0,8,0,0,8,8,2021-09-19
ChristosKogios,5,2,21,2,23,0,8,0,0,8,8,2021-07-29
Andreas_Tzouros,5,2,-9,15,6,0,8,0,0,8,8,2021-04-25
sv1kyk,3,0,-28,48,20,0,5,1,2,8,6,2021-04-15
johnypl,5,2,4,18,22,0,8,0,0,8,8,2021-04-13
Athanasios_Papadopoulos5671,5,2,13,15,28,0,8,0,0,8,8,2021-04-10
Andi_Xhika,5,2,5,0,5,0,7,0,1,8,7,2023-10-26
Tassopoulos_George,5,2,6,1,7,1,7,0,1,8,7,2023-08-29
ervans589,5,2,5,0,5,0,7,0,1,8,7,2023-07-29
basilis.tz,4,1,2,2,4,1,8,0,0,8,8,2023-07-25
Dimitrios_Tsanaktsidis,5,2,6,0,6,0,8,0,0,8,8,2023-06-30
nikostsaldaris1980,4,1,-1,4,3,1,7,0,1,8,7,2023-05-24
milidisp,5,2,13,0,13,0,0,0,0,0,0,2023-04-18
giorgos.mikro.75,4,1,-5,11,6,0,7,1,0,8,8,2023-03-10
Nikos_Plv,5,2,15,1,16,1,8,0,0,8,8,2023-03-01
THodoris_Argyriou52,5,2,6,1,7,0,8,0,0,8,8,2023-02-24
FireGate_13,5,2,3,0,3,0,8,0,0,8,8,2023-02-23
chroniskon,5,2,9,0,9,0,8,0,0,8,8,2023-01-26
MIXALIS1003,2,1,1,5,6,0,6,2,0,8,8,2023-01-21
stratosss,5,2,13,0,13,1,8,0,0,8,8,2022-12-22
alexalaf,5,2,3,0,3,1,7,0,0,7,7,2022-12-16
stampart4,5,2,2,0,2,0,8,0,0,8,8,2022-12-07
Panagiotis_Stavrinos,5,2,5,1,6,1,7,0,1,8,7,2022-11-15
meltemi,5,2,8,0,8,0,8,0,0,8,8,2022-10-24
TRIANTAFYLLOS_EYSTATHIOU,5,2,10,0,10,0,8,0,0,8,8,2022-10-23
volarageorge,4,1,14,0,14,0,7,0,1,8,7,2022-09-22
harris 13,5,2,8,1,9,0,8,0,0,8,8,2022-06-11
SpeTheof,5,2,7,0,7,0,7,1,0,8,8,2024-03-10
gregory_saxanidis,5,2,2,0,2,0,7,0,1,8,7,2024-03-06
s_ka_log,5,2,14,4,18,1,8,0,0,8,8,2024-02-06
Athanasios_PSafos,5,2,3,2,5,1,8,0,0,8,8,2024-02-06
giannis_apostolis,5,2,7,1,8,1,7,0,0,7,7,2024-02-02
STELIOS_PAPADOPOULOS27,5,2,7,2,9,0,8,0,0,8,8,2024-02-02
mondi_forever_News,5,2,1,1,2,0,8,0,0,8,8,2024-01-30
corto-v,5,2,7,0,7,0,8,0,0,8,8,2024-01-23
Michael Z.,5,2,8,1,9,1,8,0,0,8,8,2024-01-22
eelabrador,5,2,11,0,11,0,6,0,1,7,6,2024-01-04
antoniskourmoulis,5,2,1,0,1,1,8,0,0,8,8,2024-01-02
Kostas_ioannina,5,2,11,0,11,0,5,0,1,6,5,2023-12-30
Geiasou22,5,2,-1,1,0,0,6,0,2,8,6,2023-12-29
Panosagelos,5,2,11,0,11,0,8,0,0,8,8,2023-12-29
victor911,5,2,22,1,23,0,7,0,1,8,7,2023-12-24
nantofs,1,2,-46,49,3,0,4,1,3,8,5,2023-12-08
george.kavala,4,1,6,3,9,0,7,0,1,8,7,2023-11-21
karompas42,4,1,6,3,9,0,0,0,0,0,0,2023-11-11
GKAROUTSOS DIMITRIS,3,0,-6,9,3,1,7,0,1,8,7,2023-11-10
Alexandros_Georgiadis3888,5,2,17,3,20,0,8,0,0,8,8,2023-10-29
Georgios_Ragousis,3,0,-10,17,7,0,4,3,1,8,7,2023-10-13
SpeTheof,5,2,6,0,6,0,7,1,0,8,8,2024-03-10
nantofs,1,2,-45,48,3,0,4,1,3,8,5,2023-12-08
Anastasia_P7,5,2,0,0,0,0,8,0,0,8,8,2023-10-19
wickedgame81,2,1,-2,2,0,0,4,2,2,8,6,2023-07-26
ArgieR,5,2,3,1,4,0,8,0,0,8,8,2023-01-23
angelooom,3,0,-13,15,2,0,3,5,0,8,8,2022-12-26
Evmorfia_Kostaki,5,2,4,0,4,0,8,0,0,8,8,2022-12-15
Xaris_Lazakis,4,1,4,0,4,0,7,0,1,8,7,2022-10-02
ossuskeeper,5,2,1,1,2,0,7,0,0,7,7,2022-08-31
alkis600_haint,4,1,2,1,3,0,6,0,2,8,6,2022-06-27
aineias_la,2,1,-10,20,10,0,3,1,4,8,4,2022-06-12
syntrofos,5,2,12,0,12,0,8,0,0,8,8,2022-04-16
paramanos96,5,2,6,1,7,0,8,0,0,8,8,2022-01-18
zax750,5,2,5,1,6,0,8,0,0,8,8,2022-01-13
jordan-ae,5,2,6,1,7,1,8,0,0,8,8,2021-12-28
soadpowered,3,0,-1,7,6,0,6,0,2,8,6,2021-11-18
Leyteris_Mpacharoudis,4,1,-5,8,3,0,8,0,0,8,8,2021-10-01
DHyper,4,1,-9,11,2,0,5,1,2,8,6,2021-09-30
Giorgos_D_Gldrs,4,1,3,3,6,0,7,0,1,8,7,2021-08-25
Trixas_200,5,2,3,2,5,0,7,0,1,8,7,2021-08-19
pantelis_tsoukas7250,1,2,-73,83,10,0,1,4,2,7,5,2021-08-03
Dimitris-Mantalias,5,2,4,1,5,1,8,0,0,8,8,2021-07-25
Vagelis66,5,2,3,2,5,0,6,0,0,6,6,2021-07-09
Nik_Tob,5,2,12,0,12,0,8,0,0,8,8,2021-06-12
kpetsas00,5,2,7,7,14,0,5,0,3,8,5,2021-04-11
VASILIS_DIMAKIS54,5,2,13,2,15,0,8,0,0,8,8,2021-02-28
Dimitris Dougias,5,2,5,5,10,1,7,0,1,8,7,2021-02-05
Andreas_Christoforakis3947,2,1,-3,3,0,0,1,2,5,8,3,2024-03-12
Iraklis_Velissaridis,5,2,5,0,5,1,8,0,0,8,8,2024-03-06
DIMITRIS_KOUKOS,5,2,5,0,5,1,8,0,0,8,8,2024-03-05
othonas_othonas,5,2,4,0,4,0,8,0,0,8,8,2024-03-02
Karis_Romeo,5,2,4,0,4,0,8,0,0,8,8,2024-02-25
spk-,5,2,0,2,2,1,7,0,1,8,7,2024-02-20
George A.g,5,2,-5,6,1,0,8,0,0,8,8,2024-02-13
Christos_Aposkitis,5,2,13,0,13,1,6,0,0,6,6,2024-01-30
efthimis95kati,5,2,1,2,3,1,6,0,0,6,6,2024-01-26
sysyfos,4,1,5,2,7,0,6,0,2,8,6,2024-01-23
topg,3,0,-72,75,3,1,4,0,3,7,4,2024-01-13
sakis88_roukis,4,1,6,1,7,1,5,0,3,8,5,2023-12-20
loukkara12,5,2,10,1,11,1,7,0,0,7,7,2023-12-04
pa_padonik,5,2,5,1,6,1,8,0,0,8,8,2023-11-28
Vasilis32,4,1,-12,18,6,1,5,2,1,8,7,2023-11-17
Anna_Giannopoulou82,4,1,2,1,3,1,5,0,3,8,5,2023-10-31
expert.nightman,5,2,10,0,10,1,8,0,0,8,8,2023-10-31
ntnicole08,4,1,2,0,2,1,6,1,1,8,7,2023-10-31
Kyriakos Βκ,3,0,-2,11,9,1,4,2,2,8,6,2023-10-08
Theod_33,4,1,4,1,5,0,5,0,3,8,5,2023-10-07
antegia362,1,2,-17,20,3,0,4,2,2,8,6,2023-10-04
Annivas,5,2,8,2,10,1,6,0,0,6,6,2023-09-30
Nikos_Papadoulis,5,2,1,0,1,1,8,0,0,8,8,2023-09-26
george.sarkos,5,2,-7,11,4,0,0,0,0,0,0,2023-07-26
petros-1994,5,2,17,1,18,0,7,0,1,8,7,2023-06-23
Arianna_sioka,5,2,11,5,16,1,8,0,0,8,8,2023-06-06
George_Stamatos,5,2,12,3,15,0,8,0,0,8,8,2023-06-01
apostx01,4,1,0,9,9,1,7,0,1,8,7,2023-05-30
Andreas_Christoforakis3947,2,1,-4,4,0,0,1,2,5,8,3,2024-03-12
apostx01,4,1,-1,10,9,1,7,0,1,8,7,2023-05-30
toni84,4,1,1,0,1,0,4,0,4,8,4,2024-03-02
biven12,5,2,4,3,7,0,7,0,1,8,7,2023-12-13
Stratis1995,3,0,1,0,1,0,4,2,2,8,6,2023-11-12
kyrizi,5,2,1,0,1,1,7,0,1,8,7,2023-04-11
vkkangel388,4,1,0,0,0,0,5,0,3,8,5,2024-03-06
mikrospanther,5,2,5,1,6,1,8,0,0,8,8,2023-07-10
ksaderfi168,5,2,4,0,4,0,8,0,0,8,8,2023-11-05
Nikoletta7870,3,0,0,1,1,1,5,1,2,8,6,2024-02-05
Mikelaza8179,5,2,3,0,3,1,7,0,1,8,7,2024-01-11
Ioannaki1_Anwnymh,5,2,2,0,2,1,8,0,0,8,8,2023-12-19
threebrothers1,4,1,3,0,3,1,6,2,0,8,8,2023-11-03
PANNIK77,1,2,2,4,6,0,0,0,0,0,0,2023-05-15
mpouiknio,5,2,15,1,16,0,7,0,1,8,7,2023-02-16
SIDERIS_GOGOU,3,0,-30,34,4,0,5,1,2,8,6,2023-01-13
grkonst,5,2,10,2,12,0,8,0,0,8,8,2022-12-05
Dimitrisbrl,4,1,22,3,25,0,8,0,0,8,8,2022-07-23
Cormoranos90,4,1,21,1,22,0,7,0,1,8,7,2023-07-31
Stefanos_D_Stefanos_D,5,2,20,1,21,0,8,0,0,8,8,2023-07-21
Nikos_Giannoulis,5,2,3,0,3,0,8,0,0,8,8,2023-03-05
Ellinas_316,5,2,1,0,1,0,8,0,0,8,8,2022-12-29
xarilaos25,3,0,0,1,1,1,7,0,1,8,7,2022-09-18
George_Chrys,5,2,15,0,15,1,5,0,3,8,5,2022-02-27
Giannis21.,4,1,4,0,4,0,4,0,4,8,4,2022-02-08
Mixalis_A,5,2,8,0,8,1,7,0,1,8,7,2021-10-14
Nikos_Markidhs60,5,2,7,0,7,0,7,0,1,8,7,2023-01-24
panos@kom,5,2,10,3,13,0,7,0,1,8,7,2022-10-09
Ioannis_Manoukakis,4,1,0,4,4,0,6,0,2,8,6,2022-06-27
pavletos45,5,2,5,1,6,1,8,0,0,8,8,2022-05-08
nikospao13kappatos,5,2,9,8,17,0,8,0,0,8,8,2021-12-07
ckittas,5,2,2,0,2,0,8,0,0,8,8,2024-01-09
vagzardas,5,2,7,0,7,1,8,0,0,8,8,2023-10-24
man_katsara,5,2,9,2,11,0,8,0,0,8,8,2023-04-01
Dimitris_Giannakopoulos9331,5,2,-35,47,12,0,6,0,2,8,6,2022-04-05
Nikos_Nikos1569205854,5,2,4,0,4,0,8,0,0,8,8,2024-02-01
Jumper,5,2,4,0,4,0,8,0,0,8,8,2023-11-01
[email protected],5,2,-3,10,7,1,8,0,0,8,8,2023-08-22
Emene,5,2,17,2,19,0,8,0,0,8,8,2023-05-08
panos_kalantidhs,5,2,11,3,14,0,8,0,0,8,8,2023-04-20
Eldir13,5,2,2,5,7,0,7,0,1,8,7,2023-04-07
Aris_PRD,1,2,-65,78,13,0,0,4,4,8,4,2023-03-21
zots,5,2,15,1,16,0,8,0,0,8,8,2022-12-07
akhs496,5,2,5,16,21,0,8,0,0,8,8,2022-08-24
Sakis_Misiopoulos,5,2,-2,3,1,1,8,0,0,8,8,2024-02-27
kostasskarakis,5,2,2,2,4,0,8,0,0,8,8,2024-02-18
Philipos Anagnostou,5,2,10,1,11,0,8,0,0,8,8,2023-12-30
eleni_tsioga,5,2,7,0,7,0,8,0,0,8,8,2023-12-15
EV_C,5,2,1,1,2,0,7,0,1,8,7,2023-11-24
Thanasis_Pappas1583509822,5,2,5,1,6,0,8,0,0,8,8,2023-11-20
John_Arditsoglou,5,2,9,1,10,0,8,0,0,8,8,2023-10-05
Chuckie,5,2,10,1,11,0,8,0,0,8,8,2023-09-06
Athanasios_Panagiotopoulos4764,5,2,9,1,10,0,8,0,0,8,8,2023-08-28
Sakis_Misiopoulos,5,2,-3,3,0,1,8,0,0,8,8,2024-02-27
Philipos Anagnostou,5,2,9,1,10,0,8,0,0,8,8,2023-12-30
eleni_tsioga,5,2,6,0,6,0,8,0,0,8,8,2023-12-15
Chuckie,5,2,9,1,10,0,8,0,0,8,8,2023-09-06
Athanasios_Panagiotopoulos4764,5,2,8,1,9,0,8,0,0,8,8,2023-08-28
Giorgos_Filahtos,3,0,-10,31,21,0,4,1,3,8,5,2023-08-25
PF5602,4,1,3,0,3,0,4,0,3,7,4,2023-06-21
PANNIK77,1,2,-4,4,0,0,8,0,0,8,8,2023-06-04
md2019,5,2,1,0,1,0,8,0,0,8,8,2023-11-09
Hfeste,5,2,6,0,6,0,8,0,0,8,8,2022-09-14
nikospao13kappatos,5,2,20,1,21,0,8,0,0,8,8,2022-02-21
Vag_Loukas,4,1,1,0,1,1,6,0,1,7,6,2023-11-23
savaskahramano,5,2,0,0,0,1,8,0,0,8,8,2023-10-03
Maria_Anastasiou37,4,1,2,0,2,1,8,0,0,8,8,2023-09-05
Nikolas_Mousa,4,1,4,0,4,0,6,0,0,6,6,2023-06-06
akisgeorg70,5,2,16,2,18,1,8,0,0,8,8,2023-03-28
xristoforos1969,5,2,6,3,9,1,8,0,0,8,8,2023-03-04
VASILIS_KARMIRIS,4,1,8,1,9,0,5,1,2,8,6,2023-02-20
Dora_P,5,2,14,4,18,1,7,0,1,8,7,2022-08-06
Nihat_Husein,5,2,2,0,2,1,8,0,0,8,8,2023-10-16
ΑθανασιάδηςΑ,5,2,2,1,3,1,5,1,2,8,6,2021-12-11
ageloukoszaxarias,5,2,7,1,8,0,8,0,0,8,8,2022-01-08
KingWorld,2,1,0,0,0,1,0,8,0,8,8,2023-10-03
kermi_smaragda,5,2,11,0,11,0,7,0,1,8,7,2023-01-20
GEORGIOS_NIKOLAOU7382,5,2,5,0,5,1,6,0,0,6,6,2024-01-09
kpatakiotis,5,2,0,3,3,0,8,0,0,8,8,2023-11-07
Georgios_Koukourakis,5,2,4,1,5,0,8,0,0,8,8,2023-11-02
Dinos_Gk,5,2,0,2,2,1,8,0,0,8,8,2023-10-29
gkogkasb,5,2,5,1,6,1,8,0,0,8,8,2023-10-24
nikkat78,5,2,7,2,9,1,8,0,0,8,8,2023-10-17
GIANNIS_LEPENIOTIS,4,1,4,1,5,0,8,0,0,8,8,2023-10-10
symkos,5,2,7,1,8,0,8,0,0,8,8,2023-10-01
Christos___Father_of_an_Angel_,5,2,4,1,5,1,8,0,0,8,8,2023-07-28
FUNHELLAS,4,1,1,4,5,0,8,0,0,8,8,2023-07-06
aldotir2010,5,2,5,3,8,0,7,0,1,8,7,2023-06-07
fotis_rentas,1,2,-1,2,1,1,1,2,5,8,3,2024-01-25
VRAKAS_DIMITRIOS,1,2,-1,2,1,0,2,1,2,5,3,2024-01-10
Nektar_Nektarios,5,2,4,1,5,1,8,0,0,8,8,2023-10-12
fotis_rentas,1,2,-2,2,0,1,1,2,5,8,3,2024-01-25
Nektar_Nektarios,5,2,4,1,5,1,8,0,0,8,8,2023-10-12
PunisherFC21,3,0,1,0,1,0,4,0,4,8,4,2022-08-26
chrismc,5,2,4,0,4,0,5,0,3,8,5,2021-12-13
paulakis89,4,1,3,0,3,0,5,0,3,8,5,2021-12-07
tzmactivist,5,2,5,0,5,1,0,0,1,1,0,2021-12-03
nikosgiannouleas,5,2,1,2,3,0,6,0,2,8,6,2021-02-09
Johnathan_Peripatitis,1,2,1,0,1,0,0,5,3,8,5,2022-08-14
stelios kazantzidis,5,2,-1,3,2,0,8,0,0,8,8,2021-08-11
KLAJDI_OSMAN,5,2,-1,2,1,0,4,0,4,8,4,2021-06-11
Irini_Irini2944,1,2,2,1,3,0,0,4,1,5,4,2023-08-23
psaranto,2,1,0,0,0,0,1,5,2,8,6,2023-03-24
George_Alexiou84,4,1,0,0,0,1,3,1,2,6,4,2023-02-21
vliapak,1,2,3,0,3,1,0,2,3,5,2,2022-04-16
dimitrislitras79,1,2,3,1,4,0,0,3,5,8,3,2021-11-28
Vasilis_Anagnostou81,3,0,5,0,5,1,2,4,2,8,6,2021-05-19
Γιώργος_Δ,1,2,0,0,0,0,0,3,2,5,3,2024-01-31
savvas_rodos,3,0,0,0,0,1,1,1,4,6,2,2024-01-23
g.d.k,3,0,4,0,4,0,2,2,4,8,4,2024-01-07
AsteroidAniseed93,1,2,1,0,1,1,3,5,0,8,8,2023-11-23
Antonis_Tragiannos,1,2,1,0,1,0,0,0,0,0,0,2023-10-21
kozidis1,2,1,3,0,3,1,3,4,1,8,7,2023-09-24
markopoc,4,1,4,0,4,1,3,0,2,5,3,2023-08-01
george_tsopelas,4,1,4,0,4,1,6,0,2,8,6,2023-07-04
vevangelou,4,1,3,0,3,1,4,1,1,6,5,2023-04-18
Aryon,4,1,5,0,5,1,4,0,0,4,4,2023-04-05
Evripidis_Mareskas,4,1,2,0,2,1,4,0,2,6,4,2023-03-14
Nikoliosf3g1932,4,1,4,0,4,1,4,0,2,6,4,2022-12-13
Sim77,5,2,11,0,11,1,4,3,1,8,7,2022-05-28
alkisno1,5,2,7,0,7,1,4,0,1,5,4,2022-02-09
Sphinx,5,2,16,0,16,0,4,0,0,4,4,2023-04-29
Efstratia G.,3,0,0,0,0,0,5,2,1,8,7,2024-02-07
ioanna_georgakopoulou83,4,1,1,0,1,1,4,0,1,5,4,2023-05-11
Chris_Panagiotou,1,2,6,1,7,0,0,4,4,8,4,2022-05-04
Panajota_Kalamari,3,0,1,1,2,1,3,0,5,8,3,2021-11-16
Katsarolis,1,2,5,1,6,0,2,5,1,8,7,2021-11-06
mdthemis,1,2,3,1,4,0,0,3,4,7,3,2021-09-28
XristosV94,1,2,17,0,17,0,0,1,0,1,1,2021-03-31
panoskyr,3,0,8,0,8,1,3,3,2,8,6,2021-02-10
kolintz77,2,1,6,1,7,0,3,2,3,8,5,2021-01-31
konstamak,2,1,5,0,5,0,0,1,0,1,1,2021-01-27
fishil,4,1,5,0,5,1,5,0,0,5,5,2021-01-22
Tuco_Ramirez,1,2,4,3,7,0,1,2,2,5,3,2021-01-02
CHristoforos_Pan,5,2,7,0,7,0,4,2,2,8,6,2020-12-04
Kostas_Mpouritos,5,2,4,0,4,0,2,0,0,2,2,2020-12-03
Giannis_Karagiannis78,4,1,5,0,5,1,2,0,3,5,2,2020-10-07
Chris_Panagiotou,1,2,7,1,8,0,0,4,4,8,4,2022-05-04
Panajota_Kalamari,3,0,2,1,3,1,3,0,5,8,3,2021-11-16
Katsarolis,1,2,6,1,7,0,2,5,1,8,7,2021-11-06
Evi_Papageorgiou1748,5,2,0,0,0,1,5,0,2,7,5,2024-01-30
Maria_Kiprianidou,5,2,1,0,1,1,4,0,2,6,4,2024-01-16
n.batzios,5,2,1,0,1,1,4,0,1,5,4,2023-11-28
yiona.11,5,2,2,0,2,1,4,0,1,5,4,2023-09-05
Maria_Karantzouni,5,2,3,0,3,1,5,0,0,5,5,2023-08-07
zspiros,5,2,4,0,4,1,3,2,0,5,5,2023-07-20
Konstantina_Madourou,5,2,8,0,8,1,4,3,0,7,7,2023-02-22
vagelis011,2,1,0,5,5,1,3,5,0,8,8,2023-01-31
Tsobanegan,5,2,9,0,9,1,4,1,1,6,5,2022-08-01
Sidarta101,5,2,8,1,9,1,5,0,0,5,5,2022-03-10
Elina_Theodorakopoulou,5,2,8,0,8,1,6,0,2,8,6,2021-11-09
tasosche,5,2,0,0,0,1,3,0,2,5,3,2024-02-16
Siemou,5,2,3,0,3,1,6,1,1,8,7,2023-10-31
papadyan1,4,1,0,1,1,1,3,0,4,7,3,2023-10-17
georgia_ch14,4,1,3,0,3,1,1,2,4,7,3,2023-10-06
j.athineos,5,2,0,0,0,0,5,2,1,8,7,2024-02-13
4rousali,1,2,-1,2,1,0,3,4,0,7,7,2023-05-31
kyrhlias,5,2,1,0,1,1,6,0,2,8,6,2023-05-30
Ageliki_Tasiopoulou,1,2,-2,2,0,1,1,4,2,7,5,2023-05-17
Dimitris_Theodoridis40,5,2,11,0,11,1,6,2,0,8,8,2023-03-28
Saint.Paul,5,2,1,0,1,1,5,0,0,5,5,2023-08-25
dorodoros,3,0,1,0,1,1,2,2,4,8,4,2023-08-10
Georgios_Keramaris7878,4,1,5,0,5,1,5,0,1,6,5,2022-03-14
Panagiotis_Anastasopoulos98,4,1,1,0,1,1,3,2,2,7,5,2021-12-03
nickcavs23,4,1,1,0,1,0,2,3,3,8,5,2021-11-10
billy.trembelas,4,1,2,0,2,1,2,1,2,5,3,2021-11-10
Aelara_Gate_1,5,2,-5,7,2,0,8,0,0,8,8,2021-10-03
Katia123,1,2,2,0,2,0,0,5,1,6,5,2023-11-16
KONSTANTINOSTNIKAS,5,2,4,0,4,0,5,0,0,5,5,2022-05-02
extremotionalbent,5,2,19,1,20,1,6,0,2,8,6,2021-11-09
rigo0sotirhs,1,2,1,0,1,0,0,7,1,8,7,2024-02-29
Spiro_R_,3,0,3,0,3,0,4,2,2,8,6,2024-01-03
EYAGGELOS71,5,2,1,0,1,1,5,0,0,5,5,2024-01-02
br0zaki,1,2,4,0,4,1,1,4,1,6,5,2023-12-31
makis_zavos,5,2,3,0,3,1,4,3,1,8,7,2023-12-30
Christos Tsi,2,1,2,0,2,1,0,4,2,6,4,2023-11-16
stvrs_grmps,2,1,1,0,1,0,2,1,2,5,3,2023-11-04
jimmymaister,1,2,2,0,2,0,0,6,2,8,6,2023-09-16
Lilian_Kats,2,1,2,0,2,0,1,1,1,3,2,2023-07-20
Master_user1,5,2,2,0,2,1,3,0,0,3,3,2023-07-11
mata_v,3,0,0,0,0,1,2,2,4,8,4,2023-07-04
tasos007_moiraliwths,5,2,0,0,0,1,4,1,1,6,5,2023-06-29
BOYNATSOS_NIKOLAS,3,0,1,0,1,1,3,0,2,5,3,2023-04-18
gxatzioannou,5,2,1,0,1,1,5,0,1,6,5,2023-02-28
Kmav,1,2,1,0,1,0,0,0,3,3,0,2022-11-29
thc_anna,5,2,5,0,5,1,6,2,0,8,8,2022-09-24
GSTAR2008,5,2,2,1,3,1,3,5,0,8,8,2022-09-12
tasos_oikonomou2752,4,1,5,0,5,1,4,0,2,6,4,2022-07-22
Rania_Kapoia,2,1,2,1,3,1,1,3,4,8,4,2022-07-08
Aryon,3,0,-10,12,2,1,3,3,2,8,6,2022-05-04
SOFIA_POLYMATIDOU,5,2,0,1,1,1,5,0,0,5,5,2022-05-03
Giota_Griniari,5,2,6,0,6,1,5,0,3,8,5,2022-02-20
Dedes Tasos,5,2,8,0,8,1,5,0,1,6,5,2022-01-19
sotzyg,4,1,11,0,11,1,4,3,1,8,7,2021-12-16
sasoulaapo,5,2,5,0,5,1,6,0,2,8,6,2021-11-30
Potouroglou,5,2,8,0,8,1,5,2,1,8,7,2021-11-22
GIANNIS_MINASIDIS,3,0,4,1,5,1,1,2,5,8,3,2021-11-10
vasmet,4,1,3,0,3,1,4,2,2,8,6,2021-11-01
john_klokas,3,0,4,3,7,1,1,3,4,8,4,2021-10-03
Giannis_Koutsoukos,4,1,1,0,1,1,4,3,0,7,7,2021-09-10
Villy_Theodoropoulou,5,2,0,0,0,1,3,2,1,6,5,2021-07-18
dalkoulas,2,1,1,0,1,1,3,3,2,8,6,2021-03-01
xaris.kount,4,1,3,0,3,1,3,2,0,5,5,2021-02-13
petikides,1,2,0,2,2,1,0,8,0,8,8,2023-10-10
Charalampos_Spilianakis,5,2,5,0,5,1,5,0,0,5,5,2023-08-22
takis_tolo,3,0,5,1,6,0,3,1,3,7,4,2023-03-23
vasilotapas,5,2,4,0,4,1,4,0,1,5,4,2023-01-19
Alexia_Alexia74,1,2,15,0,15,0,2,4,2,8,6,2022-09-20
eleana_tampaki,5,2,0,1,1,1,6,0,0,6,6,2022-09-03
yiona.11,4,1,2,1,3,1,4,0,3,7,4,2022-07-10
ttania_12,3,0,2,1,3,0,1,1,4,6,2,2022-06-04
Mele_Kostas,5,2,3,0,3,1,4,0,0,4,4,2022-05-31
marinos_kolokithas,5,2,3,0,3,1,8,0,0,8,8,2022-05-11
rompen,5,2,4,0,4,0,5,2,1,8,7,2022-03-16
EIRINI_NTOUKAKI,5,2,0,0,0,1,6,0,0,6,6,2022-03-13
DespoinaP,4,1,3,0,3,1,6,0,0,6,6,2021-11-13
panos.karasavas,4,1,3,0,3,1,4,3,1,8,7,2021-11-10
zmpakali,5,2,1,0,1,1,8,0,0,8,8,2021-11-09
a-kokkin,2,1,-10,12,2,1,0,6,2,8,6,2021-10-06
kosmpas,5,2,4,1,5,1,6,2,0,8,8,2021-09-02
elChatzi24,4,1,1,0,1,1,2,0,0,2,2,2021-08-27
dimitris_papounidis,1,2,3,0,3,0,0,2,3,5,2,2023-01-13
mariosd36,1,2,1,0,1,0,1,5,2,8,6,2022-05-28
stellast5,1,2,6,0,6,0,2,2,3,7,4,2022-01-09
Stylianos_Kouimanis,3,0,6,0,6,1,3,3,2,8,6,2022-01-05
tempo,5,2,3,0,3,1,4,0,1,5,4,2021-12-07
Grigoria_Pan,2,1,4,0,4,1,1,4,3,8,5,2021-10-16
Babis_Cholidis,2,1,4,0,4,1,1,7,0,8,8,2021-09-28
pgp74,4,1,3,0,3,1,3,4,1,8,7,2021-08-17
Nikos Mal,2,1,3,0,3,1,2,3,3,8,5,2021-08-12
agnikliak,3,0,4,0,4,0,1,0,2,3,1,2021-08-02
konstantinos1400,1,2,6,0,6,0,1,4,2,7,5,2021-03-11
tstverikoko,5,2,13,0,13,1,4,0,1,5,4,2021-02-03
ANASTASIOS_S,4,1,2,1,3,0,5,2,1,8,7,2021-01-29
drosos_ploum,4,1,7,0,7,0,3,2,3,8,5,2020-10-30
Nektaria_Dimitriou,5,2,3,1,4,1,5,0,3,8,5,2020-09-15
Gregory_Chrisaidis,1,2,2,5,7,0,0,7,1,8,7,2020-06-06
almil,4,1,8,1,9,0,4,1,1,6,5,2020-05-03
mariatsikala22,5,2,16,1,17,0,5,0,1,6,5,2020-01-11
dimitris_papounidis,1,2,4,0,4,0,0,2,3,5,2,2023-01-13
mariosd36,1,2,2,0,2,0,1,5,2,8,6,2022-05-28
stellast5,1,2,7,0,7,0,2,2,3,7,4,2022-01-09
Stylianos_Kouimanis,3,0,7,0,7,1,3,3,2,8,6,2022-01-05
Nikos Mal,2,1,4,0,4,1,2,3,3,8,5,2021-08-12
Dionisis_Pavlatos25,5,2,-2,2,0,1,8,0,0,8,8,2024-02-29
Alekos_Lekos,4,1,-4,4,0,1,3,0,5,8,3,2024-02-25
Vasilis_Kamparis,3,0,0,2,2,1,5,1,2,8,6,2024-02-24
mkoutsonikos,5,2,11,4,15,0,8,0,0,8,8,2024-01-06
Paiktaras,4,1,0,2,2,1,8,0,0,8,8,2023-12-11
giorghs_giorghs,5,2,13,1,14,1,4,0,0,4,4,2023-10-07
kluader1,5,2,11,2,13,1,8,0,0,8,8,2023-09-23
coolnick,5,2,7,2,9,1,7,0,1,8,7,2023-09-06
assasingr2010,5,2,5,2,7,0,8,0,0,8,8,2023-08-16
arepskali,4,1,-14,19,5,0,5,0,3,8,5,2023-06-12
Giorgos_Koukios1282,4,1,16,4,20,1,6,0,1,7,6,2023-04-01
Dionisis_Pavlatos25,5,2,-1,2,1,1,8,0,0,8,8,2024-02-29
Manos_Kasselakis,5,2,23,1,24,1,8,0,0,8,8,2024-01-16
maxairidisbasileios,5,2,7,0,7,1,8,0,0,8,8,2024-02-13
Pantelis_Drossos,1,2,-30,31,1,0,1,1,6,8,2,2024-01-23
F1_Various_Clips__19,5,2,2,3,5,0,7,0,1,8,7,2024-01-20
Con_Parisis,3,0,2,10,12,0,2,1,5,8,3,2024-01-16
GeorgeStoner40,5,2,0,2,2,0,6,0,2,8,6,2024-01-09
marilyn_manson,4,1,-9,11,2,0,6,0,2,8,6,2024-01-03
eleni_mastoraki7990,5,2,20,2,22,0,8,0,0,8,8,2023-12-19
RedVein,5,2,8,3,11,0,8,0,0,8,8,2023-12-18
panosled,5,2,5,4,9,1,8,0,0,8,8,2023-12-17
kazas106,5,2,1,1,2,0,6,0,2,8,6,2023-12-16
DIMITRIOS_VARELLAS,4,1,-12,18,6,1,7,0,0,7,7,2023-12-12
p4709,5,2,8,3,11,1,8,0,0,8,8,2023-11-22
kostas.papagiann,5,2,2,2,4,1,8,0,0,8,8,2023-10-20
Zois_V,5,2,11,3,14,0,8,0,0,8,8,2023-10-18
Eliza_Kaminskii,5,2,20,1,21,0,8,0,0,8,8,2023-10-16
giannis_psomas46,5,2,10,0,10,0,8,0,0,8,8,2023-10-12
[email protected],5,2,6,1,7,0,8,0,0,8,8,2023-10-06
Maria-Tekla_Apostolopoulou,5,2,10,3,13,0,8,0,0,8,8,2023-09-21
Dimitrios_Di,5,2,14,10,24,0,8,0,0,8,8,2023-08-05
nikoludios,5,2,13,2,15,0,8,0,0,8,8,2023-08-03
Antonis_Karatzas5183,5,2,1,0,1,1,8,0,0,8,8,2024-03-18
fotini_dalli,4,1,0,2,2,0,6,0,2,8,6,2024-02-11
sotirispapathanasopoulos8,5,2,4,1,5,1,8,0,0,8,8,2024-01-30
G_Karp,5,2,5,0,5,1,6,0,2,8,6,2024-01-15
Nassos_Gavalas,4,1,6,0,6,1,6,0,2,8,6,2023-12-13
valeris1821,4,1,10,6,16,0,6,0,2,8,6,2023-08-28
fotini_dalli,4,1,1,1,2,0,6,0,2,8,6,2024-02-11
sotirispapathanasopoulos8,5,2,3,1,4,1,8,0,0,8,8,2024-01-30
thanasis pitatzis,4,1,0,0,0,0,6,0,2,8,6,2024-02-13
ElAttomAtiko_kAi_Apisto,5,2,3,0,3,0,6,0,2,8,6,2023-12-20
Spyros_XD4,4,1,-1,2,1,0,6,0,2,8,6,2023-01-14
Manolis_Gavalas20,4,1,0,1,1,1,6,0,2,8,6,2022-05-30
lil_seak,2,1,-6,7,1,0,4,2,2,8,6,2022-05-21
lookkostas,5,2,0,3,3,0,6,0,2,8,6,2021-12-09
Eva_Demetriou00,4,1,-3,4,1,1,6,1,1,8,7,2021-11-25
dimitris_papadopoulo1606809563,5,2,2,1,3,1,5,0,3,8,5,2021-11-09
Κατακουζινα,5,2,-2,6,4,0,8,0,0,8,8,2021-10-16
vgiozo,5,2,3,1,4,0,8,0,0,8,8,2021-09-13
NICK_THE_GREAT,5,2,4,0,4,1,6,0,2,8,6,2021-08-23
constanten,5,2,7,1,8,0,7,0,0,7,7,2021-08-17
paris_papas,5,2,2,0,2,1,6,0,1,7,6,2021-08-02
Dimitris_Moiris6099,5,2,3,1,4,0,7,0,1,8,7,2021-07-30
gillodaboss,5,2,3,1,4,0,8,0,0,8,8,2021-07-30
s.adamopoulos1993,5,2,3,1,4,1,8,0,0,8,8,2021-07-21
Giannis_Kottikos,5,2,2,1,3,1,8,0,0,8,8,2021-07-14
ICE-T,4,1,2,1,3,0,5,0,0,5,5,2021-07-14
vagia72,5,2,1,1,2,0,8,0,0,8,8,2021-07-11
Gio_Bat,5,2,0,2,2,0,7,0,1,8,7,2021-07-03
Giorgos_Demourtsidis,4,1,-2,4,2,1,5,0,3,8,5,2021-07-01
Chris__21,5,2,6,0,6,1,7,0,1,8,7,2021-06-27
xandrio,5,2,10,0,10,1,5,0,1,6,5,2021-06-26
giorgos_moulos1,5,2,0,0,0,0,8,0,0,8,8,2024-01-26
Ioanna_Karra7815,4,1,1,0,1,0,8,0,0,8,8,2024-01-20
christous_96,5,2,1,0,1,0,8,0,0,8,8,2023-12-21
md2019,5,2,3,0,3,0,8,0,0,8,8,2023-11-09
John_Pap6586,5,2,7,0,7,0,8,0,0,8,8,2023-10-08
vasileiou_dimitris,5,2,6,0,6,0,8,0,0,8,8,2023-06-10
efi.kaimaktsi,5,2,10,0,10,0,8,0,0,8,8,2023-04-29
Αριάδνη Δρακωνάκη,5,2,5,0,5,0,8,0,0,8,8,2023-04-11
Thomas_JLover,5,2,3,0,3,0,8,0,0,8,8,2023-02-14
eanomerianakis,5,2,9,0,9,0,7,0,1,8,7,2023-01-23
Panos88_Kokkalitsas,5,2,5,1,6,0,8,0,0,8,8,2022-12-05
sakiseir,5,2,0,0,0,0,8,0,0,8,8,2022-11-25
Fanis83,5,2,4,0,4,0,8,0,0,8,8,2022-09-09
Petros_Voulgaris,5,2,5,0,5,0,8,0,0,8,8,2022-08-26
KiriValantis,5,2,3,0,3,0,8,0,0,8,8,2022-06-28
mpallase,4,1,-10,11,1,0,5,0,3,8,5,2022-06-13
freenik1,5,2,4,0,4,0,7,0,1,8,7,2022-05-29
Evangelia_booklover,4,1,6,0,6,0,7,0,1,8,7,2022-04-18
butrosdeborde,5,2,3,0,3,0,8,0,0,8,8,2022-04-10
Joanna_Alexiou,5,2,4,0,4,1,8,0,0,8,8,2022-04-07
George_TZ9388,5,2,5,0,5,0,8,0,0,8,8,2022-03-18
pepi.efterpi1234,5,2,6,1,7,0,8,0,0,8,8,2022-02-17
yannissails,5,2,1,0,1,0,8,0,0,8,8,2022-02-08
giorgos_panta,5,2,5,0,5,1,8,0,0,8,8,2022-02-01
_TheTwiker206__YT,5,2,3,2,5,0,7,0,1,8,7,2022-01-07
Giorgos_Kampourlidis,5,2,4,1,5,1,8,0,0,8,8,2022-01-05
Iosifina_Rouza_Aetopoulou,5,2,3,1,4,0,8,0,0,8,8,2021-12-30
dimos200120012001,4,1,5,1,6,1,5,0,3,8,5,2021-12-20
Eirinirig1,4,1,0,3,3,0,6,0,1,7,6,2021-11-21
__AKostas_Karachristos,3,0,0,0,0,0,2,4,2,8,6,2024-02-19
Aris_Dr,5,2,2,0,2,0,6,0,1,7,6,2024-01-28
Giorgos_Nackoulas,2,1,0,2,2,0,1,3,4,8,4,2024-01-24
psixakiasomegas,3,0,1,0,1,0,0,0,8,8,0,2024-01-22
stefou.d,3,0,1,0,1,1,3,2,3,8,5,2024-01-11
andi_nc,5,2,4,0,4,0,6,0,2,8,6,2024-01-04
G_Damouras,5,2,0,0,0,0,4,0,4,8,4,2023-12-17
Deez_nuts8880,1,2,3,0,3,0,2,2,4,8,4,2023-12-06
Giorgos_Bourtzos,5,2,1,0,1,1,8,0,0,8,8,2023-11-27
Valia_Papa2890,4,1,0,0,0,1,6,0,2,8,6,2023-11-13
chmarkopoulos,4,1,0,0,0,1,8,0,0,8,8,2023-11-08
_.Xatzis._,3,0,2,0,2,1,3,1,4,8,4,2023-10-29
herculesstyliaras,1,2,2,1,3,0,0,8,0,8,8,2023-10-04
Criko_Gamer,1,2,4,0,4,0,0,8,0,8,8,2023-09-17
altars1995,1,2,0,2,2,0,3,4,1,8,7,2023-09-03
MARIA_SIARMPA8200,3,0,1,1,2,0,0,0,0,0,0,2023-08-25
mporas,2,1,1,1,2,0,3,5,0,8,8,2023-08-21
Alexandros_ak_koulouris,5,2,0,1,1,0,6,0,2,8,6,2023-07-15
kontoskostas79,4,1,3,0,3,0,6,0,2,8,6,2023-07-09
dimfakinos,3,0,2,0,2,0,5,0,3,8,5,2023-06-09
mar.iaa,5,2,1,0,1,1,6,0,2,8,6,2023-05-03
TSOK__JR,5,2,2,0,2,0,8,0,0,8,8,2023-04-18
CHaralampos_Karamarias,1,2,-1,2,1,1,2,4,2,8,6,2023-03-30
Nikolas_Santorinaios,4,1,2,0,2,0,5,0,3,8,5,2023-03-21
dimitrios_teliporanidis,3,0,0,0,0,1,5,1,2,8,6,2024-03-13
mnspark,1,2,-1,2,1,0,0,6,2,8,6,2024-02-11
zeralfb,4,1,0,1,1,0,4,0,3,7,4,2023-09-28
Giorgos_Vedouras,5,2,0,1,1,0,8,0,0,8,8,2023-09-19
ThePapnMapn,5,2,3,3,6,0,7,0,1,8,7,2023-08-24
BillyDot_06,5,2,0,2,2,1,8,0,0,8,8,2023-08-22
Elias69,4,1,1,2,3,0,6,0,2,8,6,2023-06-22
Foteini_Papagelou,1,2,-10,17,7,0,0,3,5,8,3,2023-05-31
Giannis_A.,1,2,1,9,10,0,1,0,3,4,1,2023-05-16
Spirus 63,3,0,1,8,9,0,5,1,2,8,6,2023-03-14
kdoul06,5,2,-1,5,4,1,8,0,0,8,8,2023-03-14
fns_fns,4,1,4,4,8,0,7,0,1,8,7,2023-01-07
Πάνος82,5,2,16,1,17,0,3,0,0,3,3,2022-12-26
depikalandar,3,0,-6,8,2,0,7,1,0,8,8,2023-07-19
aktinoos,4,1,-12,14,2,0,6,0,0,6,6,2023-05-28
vagelis_stef5932,5,2,5,1,6,0,7,0,1,8,7,2022-12-25
christos.kokkakis,4,1,5,2,7,1,7,0,1,8,7,2022-12-20
KeepDreamiN,5,2,5,1,6,0,7,0,1,8,7,2022-12-08
Tony_Tzivel,5,2,4,4,8,0,8,0,0,8,8,2022-12-08
Athanasios Xiros,4,1,1,5,6,0,7,0,1,8,7,2022-11-23
GIORGOS_SYRAKOULAS,4,1,-1,6,5,1,6,0,2,8,6,2022-10-12
Jimmakos81,4,1,-4,4,0,1,2,0,6,8,2,2022-10-04
CHrysa_Kalogeropoulou9710,1,2,-31,39,8,0,1,3,4,8,4,2022-09-25
ciandalafende,5,2,3,3,6,1,8,0,0,8,8,2022-06-26
alexpr,4,1,-2,5,3,0,7,0,1,8,7,2022-05-01
george_oikonomoy,4,1,-6,9,3,1,6,0,2,8,6,2022-04-06
klonodesign,5,2,16,2,18,0,7,0,0,7,7,2022-03-26
MichalisXen,5,2,13,3,16,1,8,0,0,8,8,2022-03-24
Christosp12,5,2,4,4,8,1,7,0,1,8,7,2022-03-01
thanasis_mavrodimos,5,2,-5,15,10,0,6,0,1,7,6,2022-02-27
iliasmetas,5,2,2,1,3,1,7,0,1,8,7,2024-01-23
MARIA_THEODOROPOULOU51,4,1,2,1,3,1,4,0,2,6,4,2024-01-17
capta1nsp4ce,5,2,3,1,4,0,8,0,0,8,8,2024-01-15
MTB_athens_riders,5,2,2,1,3,1,7,0,1,8,7,2024-01-07
ISIDOROS_VARTHALITIS,5,2,3,2,5,1,8,0,0,8,8,2023-12-12
Rania_Ifantidou,5,2,3,3,6,1,8,0,0,8,8,2023-11-30
tattoo1453,5,2,0,1,1,1,8,0,0,8,8,2023-11-28
Giorgos_Papanastasiou1919,5,2,2,3,5,0,7,0,1,8,7,2023-11-12
alani_aigio,1,2,0,1,1,0,0,2,2,4,2,2023-11-08
harris_,5,2,3,3,6,0,8,0,0,8,8,2023-10-07
Leonidas_Pantos,5,2,-3,4,1,1,6,0,2,8,6,2023-08-19
Grigoris_Margaritis,5,2,3,2,5,0,8,0,0,8,8,2023-08-14
Left_Karg,5,2,2,2,4,1,6,0,1,7,6,2023-08-13
ella_vairli,5,2,0,3,3,1,8,0,0,8,8,2023-08-01
Civilian,5,2,9,3,12,0,7,0,1,8,7,2023-07-12
xonkos,5,2,7,1,8,0,8,0,0,8,8,2023-06-07
konstantinos.sinadinos,5,2,7,2,9,1,6,0,2,8,6,2023-05-25
Coffee_Club,5,2,16,2,18,0,8,0,0,8,8,2023-05-04
Giannis_Athanasopoulos61,5,2,6,2,8,0,8,0,0,8,8,2023-05-03
vaxevank,4,1,4,2,6,1,6,0,2,8,6,2023-04-04
jlow,5,2,17,2,19,1,8,0,0,8,8,2023-01-30
worver_marium,5,2,5,1,6,0,6,0,2,8,6,2023-01-23
S1AN_TV,5,2,4,1,5,0,8,0,0,8,8,2023-01-07
Mr_Atlas41,5,2,5,1,6,0,8,0,0,8,8,2023-01-05
Peni_P,5,2,15,1,16,0,8,0,0,8,8,2022-11-19
Profirisanton,4,1,-11,13,2,0,4,0,4,8,4,2022-07-08
Antonis/techitnews,4,1,14,6,20,1,8,0,0,8,8,2022-07-04
maria06,2,1,0,0,0,1,0,1,4,5,1,2024-02-12
StavrosKat12,5,2,2,0,2,0,7,0,1,8,7,2023-12-09
Tota_s_World,1,2,0,0,0,1,1,3,4,8,4,2023-08-14
Kosmas_Tolias5202,4,1,1,0,1,0,4,1,2,7,5,2023-07-31
Christos Ρap,1,2,0,0,0,0,0,1,0,1,1,2023-07-23
adsf4,1,2,0,0,0,0,0,5,3,8,5,2023-03-15
evmavromati,2,1,1,0,1,1,0,7,1,8,7,2023-02-21
Eleytherios_Ioakeimidis,4,1,0,0,0,0,4,0,4,8,4,2023-02-14
Giorgos_top61,3,0,-4,4,0,0,2,3,3,8,5,2023-01-02
Gigt_Gt,3,0,0,0,0,1,3,2,3,8,5,2022-12-20
Lampis_Ka4375,4,1,3,0,3,1,7,0,1,8,7,2022-11-25
Konstantinos_Galanoudis,2,1,-5,10,5,0,3,3,2,8,6,2022-10-29
Nick_Pandex,4,1,4,0,4,1,5,0,2,7,5,2022-09-15
axe_1880,5,2,5,1,6,1,8,0,0,8,8,2022-09-01
Giannis_Osfp7,4,1,5,0,5,0,6,0,2,8,6,2022-07-15
geokatr,4,1,5,0,5,1,3,0,5,8,3,2022-06-14
SAMARAS_BASILIOS,1,2,-21,24,3,0,0,6,2,8,6,2022-05-31
Numsgil_DidInBlog,4,1,1,0,1,1,5,0,3,8,5,2022-05-28
Fotis_Karakonstantis,4,1,3,2,5,0,6,1,1,8,7,2022-05-17
Giorgos_Koulas9,5,2,5,0,5,0,5,0,3,8,5,2022-05-15
mirmiliotis,5,2,6,0,6,1,5,0,3,8,5,2022-04-27
dimosmavridis,5,2,7,0,7,1,8,0,0,8,8,2022-04-27
Agg Kar,5,2,6,0,6,1,7,0,1,8,7,2022-04-23
Maria_Athanasiadou3034,4,1,3,0,3,0,5,0,3,8,5,2022-04-12
mixalis ael,4,1,0,9,9,1,5,0,2,7,5,2022-03-19
Maria Fragkouli,5,2,4,8,12,1,8,0,0,8,8,2022-03-01
DreadKnight,5,2,10,0,10,0,6,0,2,8,6,2022-02-23
ireneziavrou,5,2,10,1,11,1,5,0,3,8,5,2022-02-08
den_xrostao,4,1,11,0,11,1,6,0,0,6,6,2022-01-31
FreshMilk_gaming,4,1,0,6,6,0,4,0,2,6,4,2022-01-25
br0zaki,1,2,2,0,2,1,1,4,3,8,5,2023-12-30
Amalia1311,1,2,3,0,3,0,1,3,4,8,4,2023-11-19
nick198,1,2,-4,4,0,0,5,0,3,8,5,2023-07-23
Nikos_Liontiris,1,2,-1,3,2,1,0,2,6,8,2,2023-07-01
Vaso_Fanouraki,3,0,-4,4,0,1,1,1,6,8,2,2023-06-28
Paylos_Sonidis,4,1,0,1,1,0,4,0,4,8,4,2023-05-17
Nikos_Filippakis3907,1,2,3,0,3,0,0,6,2,8,6,2023-05-12
nikious,1,2,3,0,3,0,0,5,3,8,5,2023-05-09
Jimm_Spiliot,3,0,0,0,0,0,4,0,2,6,4,2023-04-28
ALKINOOS_NTOUKAS,2,1,1,0,1,0,1,3,4,8,4,2023-03-07
arabian,5,2,-1,1,0,0,8,0,0,8,8,2023-01-08
Eyagelia_Tsalamoura,3,0,1,1,2,1,4,0,4,8,4,2022-08-14
spiros_andriotis1536,4,1,3,1,4,0,4,0,4,8,4,2022-06-25
panos1971,2,1,-1,3,2,0,0,2,4,6,2,2022-06-15
ROUKOUDIS_NIKOLAOS,5,2,4,0,4,0,8,0,0,8,8,2022-05-27
Nikos_Sidiropoulos3110,5,2,0,2,2,0,4,1,3,8,5,2022-05-19
ilfritza,3,0,3,2,5,1,3,1,4,8,4,2022-05-18
Vagelis_M41,4,1,5,2,7,0,6,1,1,8,7,2022-04-29
iamstergio,5,2,5,2,7,0,6,0,2,8,6,2022-04-21
Ntinos_Pantelakis,5,2,4,0,4,1,4,0,4,8,4,2022-04-19
dimitrisfilis,4,1,5,0,5,1,7,0,1,8,7,2022-04-03
Angelos Panou,5,2,0,2,2,1,8,0,0,8,8,2022-03-30
IoannisTex09,4,1,3,1,4,1,7,0,1,8,7,2022-03-09
Nik kalkis,1,2,4,1,5,1,5,2,1,8,7,2022-01-27
panino7,4,1,2,3,5,0,7,0,1,8,7,2022-01-23
magos_ioannis7687,3,0,-2,5,3,0,1,1,6,8,2,2022-01-21
CAPTAIN_MANOS77,5,2,4,1,5,0,7,0,1,8,7,2022-01-20
KALOGGIANI,4,1,0,2,2,1,6,0,1,7,6,2022-01-11
Panos_Panoulis7377,3,0,1,0,1,0,1,4,3,8,5,2023-11-25
mitsosmitsos60,3,0,1,0,1,0,2,0,6,8,2,2023-08-29
GoodGeorge,5,2,4,0,4,0,6,0,1,7,6,2023-06-05
alexander315,4,1,0,1,1,1,2,1,5,8,3,2023-03-20
Lara_Rosa,4,1,1,1,2,1,7,0,1,8,7,2023-01-31
Yiannis_Diamantidis,4,1,-1,2,1,0,6,0,2,8,6,2022-11-18
Hlias_Gkiris,4,1,-1,1,0,0,6,0,2,8,6,2022-11-11
EvangeliaPou,4,1,5,1,6,0,5,0,1,6,5,2022-07-29
Vaggelis_Dimopoulos71,4,1,4,1,5,1,6,0,1,7,6,2022-07-24
Bill_Tito,5,2,0,2,2,1,5,0,3,8,5,2022-06-28
Nikolaos_Nikolaidis2,1,2,-6,12,6,0,0,3,5,8,3,2022-06-16
JOHN_MARINOS,5,2,4,1,5,1,8,0,0,8,8,2022-05-03
tgreek69,4,1,15,1,16,0,5,0,3,8,5,2022-04-24
THomas_Ziakoulis,5,2,7,2,9,0,8,0,0,8,8,2022-04-18
tsaprazis75,2,1,-5,12,7,0,1,6,1,8,7,2022-04-12
Fake_News,5,2,-1,9,8,1,7,0,1,8,7,2022-03-01
anastasialoupou8,4,1,-1,4,3,0,4,0,4,8,4,2022-02-25
Eyi_Arnaoutidou,2,1,-24,26,2,1,1,2,5,8,3,2022-02-15
Manos_CHolevas,4,1,12,2,14,1,5,3,0,8,8,2022-02-13
Takis_Alexandris,4,1,1,3,4,1,3,0,5,8,3,2022-01-11
aggelos_zita,2,1,1,6,7,0,1,1,6,8,2,2022-01-06
Purpleacee,4,1,0,0,0,1,6,0,2,8,6,2023-07-08
sergioskanellopoulos2,1,2,2,1,3,0,0,8,0,8,8,2023-05-16
IOUL7002KT,2,1,2,1,3,0,2,3,3,8,5,2023-01-23
SwiFty_Ik0N1K_YA_,4,1,-1,2,1,0,7,1,0,8,8,2022-10-06
ScrewedForLife,4,1,4,1,5,1,3,0,2,5,3,2022-08-30
Leon_kTelos,5,2,0,1,1,1,5,0,1,6,5,2022-08-23
fotiamix2009,5,2,2,1,3,1,8,0,0,8,8,2022-08-09
Manos_Bekhs,2,1,-3,5,2,1,1,3,4,8,4,2022-07-30
giannis_kalts,5,2,0,3,3,0,7,0,1,8,7,2022-07-19
panagiotis_halakatevas7623,3,0,-4,7,3,0,3,1,4,8,4,2022-07-16
gregchios,5,2,5,1,6,1,8,0,0,8,8,2022-06-22
nandia0529,4,1,3,1,4,1,8,0,0,8,8,2022-06-21
THKM_O6,4,1,2,1,3,0,5,0,3,8,5,2022-06-12
Michail_Sarafoglou,4,1,1,3,4,1,6,0,2,8,6,2022-06-07
summer75time,5,2,9,0,9,1,7,1,0,8,8,2022-04-16
thanasis8394,5,2,5,1,6,1,7,0,1,8,7,2022-04-12
Unias,4,1,-1,8,7,1,2,0,2,4,2,2022-02-22
marinero972,5,2,0,3,3,1,7,0,1,8,7,2022-02-22
edit_proofread_service,5,2,2,0,2,1,8,0,0,8,8,2024-02-23
giorghs_giorghs,5,2,1,0,1,0,1,0,0,1,1,2024-02-17
georgios_pamb,5,2,3,0,3,0,0,0,3,3,0,2023-09-30
z,5,2,-2,4,2,0,6,0,2,8,6,2023-09-10
leonidas_mixanobios,4,1,2,0,2,0,7,1,0,8,8,2023-08-21
fontebela,3,0,1,2,3,0,4,0,4,8,4,2023-05-20
tmd,4,1,4,0,4,0,2,3,3,8,5,2023-05-16
xalarios,4,1,3,1,4,1,7,0,1,8,7,2023-04-11
evafoto,4,1,4,0,4,1,4,0,3,7,4,2023-04-04
lonewolf_gr,4,1,3,0,3,1,5,0,3,8,5,2023-02-14
eleftheriaantipa86,1,2,-11,15,4,1,2,4,1,7,6,2023-02-07
dimdimdimi,4,1,1,0,1,1,6,0,2,8,6,2023-02-06
BigMen18,5,2,-1,6,5,0,8,0,0,8,8,2022-10-25
nick_the_gamer_4_ever,5,2,18,3,21,0,7,0,1,8,7,2022-10-16
gcharis,5,2,3,0,3,1,8,0,0,8,8,2023-04-17
Killer_man,3,0,-6,6,0,1,5,0,3,8,5,2023-04-11
Antonis_Sparakis,1,2,1,0,1,1,5,3,0,8,8,2023-03-14
georgesotireas,4,1,1,0,1,1,5,0,2,7,5,2023-03-14
HANDBALL_FIELD,3,0,2,0,2,0,5,1,2,8,6,2023-03-10
Hi tech love,4,1,-1,2,1,0,5,0,3,8,5,2023-02-24
atheofi,5,2,1,1,2,1,8,0,0,8,8,2023-02-14
KONPOL,4,1,3,1,4,0,6,0,2,8,6,2023-02-14
katerinak933,4,1,1,1,2,1,5,1,2,8,6,2023-01-24
Eleni_Psochiou25,4,1,0,2,2,0,6,2,0,8,8,2022-12-14
Kostas_BADPMC,4,1,6,2,8,1,3,1,4,8,4,2022-11-08
r2,5,2,1,0,1,0,8,0,0,8,8,2023-09-26
Ovoron,5,2,3,0,3,1,6,0,2,8,6,2023-07-18
Nicos_Mand,5,2,-6,7,1,0,8,0,0,8,8,2023-03-12
Pantelis_Veligradiotis,1,2,0,0,0,0,0,5,0,5,5,2024-01-15
Arist_fa,3,0,-1,2,1,0,3,2,3,8,5,2023-08-28
afissos2,5,2,-2,2,0,1,7,0,1,8,7,2023-04-11
dimpap.ker.1978,4,1,4,3,7,0,7,0,0,7,7,2022-08-10
Manos_Mayrelos9540,5,2,2,2,4,0,7,0,1,8,7,2022-07-11
alexopoyloy59,5,2,2,2,4,1,8,0,0,8,8,2024-02-13
alternativetime,3,0,1,0,1,0,2,1,4,7,3,2023-12-03
vassiliosrousis,5,2,9,0,9,0,8,0,0,8,8,2023-11-26
Runner_8,5,2,-1,2,1,0,7,0,1,8,7,2024-02-15
vas_vie22,5,2,0,2,2,1,8,0,0,8,8,2024-02-13
gianniskarnavas20,4,1,-2,2,0,0,7,0,1,8,7,2024-02-10
AggelosOnyx,1,2,2,3,5,0,1,3,4,8,4,2024-02-01
saley7,5,2,2,1,3,1,8,0,0,8,8,2024-01-02
Deez_Nuts2008,4,1,-4,7,3,0,8,0,0,8,8,2024-01-02
Greg_Dim,4,1,3,1,4,0,7,0,1,8,7,2023-12-13
Jim_Beros,5,2,2,1,3,1,8,0,0,8,8,2023-12-07
giannis_kalts,5,2,1,2,3,0,8,0,0,8,8,2023-11-26
Dimitra_At69,5,2,5,2,7,0,8,0,0,8,8,2023-11-23
Jimmy_Mjaque,5,2,40,7,47,0,7,0,1,8,7,2023-11-22
panosled,5,2,15,3,18,1,8,0,0,8,8,2023-10-08
Andy.,1,2,-27,35,8,0,0,2,5,7,2,2023-09-04
nikolakhs5,5,2,1,10,11,0,8,0,0,8,8,2023-07-27
Spiros_Varvatsoulis,5,2,-4,9,5,1,8,0,0,8,8,2023-07-12
vas_vie22,5,2,0,2,2,1,8,0,0,8,8,2024-02-13
Dimitra_At69,5,2,4,2,6,0,8,0,0,8,8,2023-11-23
Jimmy_Mjaque,5,2,39,7,46,0,7,0,1,8,7,2023-11-22
THomai_Liopa,1,2,-2,2,0,0,0,1,7,8,1,2024-03-13
jack-mak,5,2,3,0,3,0,6,0,2,8,6,2024-03-12
Terminator_PC,5,2,3,0,3,1,8,0,0,8,8,2024-02-27
aggeliki_poulianidou,5,2,-1,1,0,1,6,0,2,8,6,2024-02-25
IOANNIS_M15,5,2,0,0,0,1,5,0,3,8,5,2024-02-20
danjors,5,2,2,0,2,1,7,0,1,8,7,2024-02-20
XristinaMarkatou,2,1,-16,17,1,0,3,0,4,7,3,2024-02-18
Kos_Mig,5,2,6,0,6,1,5,0,3,8,5,2024-02-14
Maria_D_2565,3,0,-4,5,1,1,5,0,2,7,5,2024-02-07
Makis_Trip,5,2,12,0,12,1,7,0,1,8,7,2024-01-24
Sotiris_Anastasiou,5,2,15,3,18,1,8,0,0,8,8,2023-12-28
george.kolovakos,5,2,8,2,10,0,8,0,0,8,8,2023-12-27
John_Geo007,4,1,4,2,6,1,5,0,3,8,5,2023-12-27
Bill_Siam,5,2,0,2,2,1,6,0,2,8,6,2023-12-26
_BLACK_JACK_,5,2,2,1,3,0,6,0,0,6,6,2023-12-20
the_tzoker,3,0,-31,34,3,0,0,3,5,8,3,2023-12-17
madeleinedallas,5,2,12,1,13,1,7,0,1,8,7,2023-12-17
ilias_libe5,4,1,0,0,0,1,6,1,1,8,7,2023-12-13
markos_raptis69,4,1,-1,5,4,1,4,0,4,8,4,2023-12-12
leonidas_mixanobios,5,2,-1,1,0,0,7,0,0,7,7,2023-12-07
Hello_Clarice,4,1,0,0,0,1,5,0,2,7,5,2023-12-05
Geri_Kouta,5,2,1,0,1,1,8,0,0,8,8,2023-12-05
Vaios_Trilalo,5,2,7,1,8,0,8,0,0,8,8,2023-12-01
stellina_katsaouni,4,1,3,4,7,1,5,1,0,6,6,2023-11-21
stevemain2007,4,1,7,4,11,1,8,0,0,8,8,2023-11-07
Aris_Papadopoulos21,5,2,11,2,13,0,5,0,0,5,5,2023-10-27
DIMITRIS_VARSAMIS17,4,1,-3,5,2,1,6,1,1,8,7,2023-10-27
jack-mak,5,2,1,0,1,0,6,0,2,8,6,2024-03-12
Terminator_PC,5,2,2,0,2,1,8,0,0,8,8,2024-02-27
aggeliki_poulianidou,5,2,0,0,0,1,6,0,2,8,6,2024-02-25
XristinaMarkatou,2,1,-13,14,1,0,3,0,4,7,3,2024-02-18
Kos_Mig,5,2,5,0,5,1,5,0,3,8,5,2024-02-14
George_Christo,5,2,5,0,5,0,7,0,0,7,7,2024-03-08
hayadim13,5,2,0,1,1,1,8,0,0,8,8,2024-03-05
kostas.papagiann,5,2,3,0,3,0,6,0,2,8,6,2024-03-02
Akis_Akis85,5,2,4,0,4,0,7,0,1,8,7,2024-02-21
Simos_Kapetsonis75,4,1,4,0,4,0,7,0,0,7,7,2024-02-19
elodia.archon,5,2,3,2,5,0,8,0,0,8,8,2024-02-14
hayadim13,5,2,0,1,1,1,8,0,0,8,8,2024-03-05
kostas.papagiann,5,2,4,0,4,0,6,0,2,8,6,2024-03-02
georg7,3,0,-11,11,0,0,4,4,0,8,8,2023-03-07
Alex_Alexioy1050,4,1,1,1,2,0,6,0,2,8,6,2023-01-01
nimakos21,3,0,-8,11,3,1,4,1,3,8,5,2022-07-14
n1kos_gr,5,2,9,2,11,1,8,0,0,8,8,2022-06-29
xariselefteriadis.xe73,5,2,9,1,10,0,8,0,0,8,8,2022-06-19
Spiros_Miaris8,5,2,0,3,3,0,7,0,1,8,7,2022-06-03
GsxrRR,5,2,10,0,10,1,8,0,0,8,8,2022-04-27
GIANNIS_Destroyer,5,2,14,2,16,1,8,0,0,8,8,2022-04-14
ianaiX2,5,2,9,0,9,0,8,0,0,8,8,2022-04-03
sremelis,5,2,6,0,6,1,7,0,1,8,7,2022-03-29
Anna_Maria_Blr,5,2,14,2,16,1,7,0,1,8,7,2022-03-18
Filippos_Juke,4,1,8,7,15,0,6,0,2,8,6,2022-02-20
sotos_golfi,5,2,20,4,24,1,7,0,1,8,7,2022-02-11
giokou,4,1,-4,17,13,0,6,0,2,8,6,2022-01-18
DeanThomas,5,2,6,4,10,1,6,0,1,7,6,2022-01-13
vasilis_dimitriadis1605822966,5,2,4,4,8,0,7,0,1,8,7,2022-01-12
giovanopoulosmarios,1,2,-66,76,10,1,4,4,0,8,8,2021-12-26
giogeorgio,4,1,12,4,16,0,8,0,0,8,8,2021-12-24
dimitrisziozios,5,2,7,2,9,1,8,0,0,8,8,2021-12-09
DrGreem,5,2,16,4,20,1,7,0,1,8,7,2021-12-08
christodoulidis14,4,1,2,6,8,1,7,0,1,8,7,2021-12-08
Gigantas7,4,1,6,4,10,1,7,0,1,8,7,2021-12-07
Manos Filippakis,5,2,9,0,9,1,7,0,0,7,7,2021-11-18
fantomxx-xx,4,1,7,3,10,0,5,2,1,8,7,2021-11-14
George_Kap,5,2,1,3,4,1,7,0,1,8,7,2021-10-26
mrsiap,5,2,5,2,7,0,8,0,0,8,8,2021-10-23
penny_kontou,4,1,6,0,6,0,6,0,0,6,6,2023-05-05
chris_bego,5,2,4,2,6,0,6,0,0,6,6,2023-05-04
Giorgos_Michailidis86,1,2,1,0,1,0,4,2,2,8,6,2024-02-07
Maria_Frangou,1,2,6,2,8,0,0,3,5,8,3,2023-06-12
Spyros.Mer.009,1,2,5,2,7,0,0,4,4,8,4,2023-05-21
Stelios_Palassis,2,1,0,3,3,0,0,4,4,8,4,2023-03-18
Stefanos_Sismanidis6334,5,2,-7,7,0,0,6,0,0,6,6,2023-01-15
chris.mou,3,0,1,3,4,1,4,0,4,8,4,2023-01-10
VICKYMOSCHONA,3,0,-2,4,2,1,2,2,2,6,4,2022-12-25
Vasilis_Kapetanakis2656,5,2,5,0,5,0,6,0,1,7,6,2022-11-20
Eyi_Pityropoulou,1,2,-9,13,4,0,2,2,3,7,4,2022-11-12
mixalismpe,5,2,14,4,18,0,8,0,0,8,8,2022-09-15
JIMARAS_07,1,2,-31,38,7,0,0,8,0,8,8,2022-08-24
Anastasia_Armenatzoglou,3,0,1,0,1,0,3,1,4,8,4,2023-10-01
Xristos_Off,3,0,3,0,3,0,3,1,3,7,4,2023-05-06
Andreas_Rekkas,1,2,2,1,3,0,0,7,1,8,7,2023-03-15
aek_original19,1,2,3,0,3,0,0,8,0,8,8,2023-02-27
ELENI_RAPTI1247,1,2,2,0,2,0,0,4,3,7,4,2023-02-07
Stefan_The_Gamer4092,3,0,0,0,0,0,4,2,2,8,6,2023-01-27
Tonia_aaa,1,2,-6,9,3,0,1,4,3,8,5,2022-11-11
Spyros_Tsouras,3,0,1,1,2,0,1,3,4,8,4,2022-10-30
Maro_Magk,4,1,0,0,0,1,6,1,1,8,7,2022-10-13
i-F8,4,1,2,0,2,0,8,0,0,8,8,2022-09-21
τατοζζζζ,3,0,2,0,2,1,4,2,2,8,6,2022-09-10
Hellas_Android,4,1,-1,1,0,0,3,1,4,8,4,2022-08-06
olatrash,3,0,0,0,0,0,5,1,2,8,6,2022-07-06
ALEXANDROS_CHRISTODOULOU,2,1,-1,4,3,0,1,4,3,8,5,2022-06-23
georgeprax_job,4,1,8,2,10,1,3,0,5,8,3,2022-02-09
Ioannis_Vasileiadis3,1,2,0,11,11,0,0,8,0,8,8,2022-01-12
Jim_Jim22,2,1,9,3,12,0,1,2,5,8,3,2022-01-08
STAR25,3,0,-26,31,5,0,4,4,0,8,8,2021-12-20
zefi_zefi,1,2,2,9,11,0,0,5,3,8,5,2021-12-11
I_Love_Game,5,2,5,7,12,1,8,0,0,8,8,2021-11-27
adri_fofi,3,0,0,0,0,1,3,1,4,8,4,2024-02-06
Katerina_Portokalidou,3,0,-1,1,0,0,5,1,2,8,6,2024-01-13
Anthi_Antonopoulou70,3,0,-5,7,2,1,3,3,2,8,6,2023-11-16
olginits,4,1,3,0,3,1,4,0,3,7,4,2023-10-19
kargo,4,1,3,0,3,1,2,0,6,8,2,2023-10-04
Mariavsld,1,2,-2,10,8,0,2,6,0,8,8,2023-08-22
Nasia_Karachaliou,1,2,-5,10,5,1,0,0,1,1,0,2023-06-24
xristos zervakis,3,0,-6,8,2,1,2,2,4,8,4,2023-06-20
Soultana_Arm,1,2,5,2,7,0,0,6,2,8,6,2023-06-18
Stamatis_Mazarakis,1,2,0,6,6,0,1,6,1,8,7,2023-06-15
Stef_Kollatos,4,1,7,0,7,1,4,0,4,8,4,2023-06-07
KwstasDR,5,2,9,0,9,1,7,0,1,8,7,2023-05-27
Vasiliki4542,4,1,6,1,7,0,7,0,1,8,7,2023-05-17
giwta2_gewrgakopoulou,1,2,-7,11,4,0,1,3,3,7,4,2023-05-15
apostoliskoufos,5,2,7,0,7,0,8,0,0,8,8,2023-05-12
bas_geo,2,1,0,7,7,0,1,4,3,8,5,2023-05-03
MindCruck,4,1,3,1,4,0,4,0,3,7,4,2023-05-01
PANOS_FOTIOY,3,0,25,0,25,1,5,0,2,7,5,2023-04-04
Manolis_Papamarkakis,4,1,7,1,8,1,4,0,4,8,4,2023-03-21
altinosmeria,5,2,12,1,13,1,8,0,0,8,8,2023-02-27
Andriana_Dikeakou,1,2,-27,35,8,1,2,5,1,8,7,2023-02-23
Panagiotis_Mytilinaios,5,2,13,1,14,0,3,2,3,8,5,2023-02-16
George_Zapantiotis862,3,0,-3,6,3,0,3,3,2,8,6,2023-02-03
spiros1591104440,3,0,2,4,6,1,8,0,0,8,8,2023-01-31
Nasia_Karachaliou,1,2,-4,10,6,1,0,0,1,1,0,2023-06-24
Stamatis_Mazarakis,1,2,-1,7,6,0,1,6,1,8,7,2023-06-15
Stef_Kollatos,4,1,8,0,8,1,4,0,4,8,4,2023-06-07
apostoliskoufos,5,2,8,0,8,0,8,0,0,8,8,2023-05-12
Katerina_Portokalidou,3,0,0,0,0,0,5,1,2,8,6,2024-01-13
Anthi_Antonopoulou70,3,0,-3,5,2,1,3,3,2,8,6,2023-11-16
olginits,4,1,2,0,2,1,4,0,3,7,4,2023-10-19
kargo,4,1,2,0,2,1,2,0,6,8,2,2023-10-04
Mariavsld,1,2,0,8,8,0,2,6,0,8,8,2023-08-22
Nasia_Karachaliou,1,2,-3,8,5,1,0,0,1,1,0,2023-06-24
xristos zervakis,3,0,-4,6,2,1,2,2,4,8,4,2023-06-20
Stamatis_Mazarakis,1,2,2,4,6,0,1,6,1,8,7,2023-06-15
Stef_Kollatos,4,1,6,0,6,1,4,0,4,8,4,2023-06-07
KwstasDR,5,2,8,0,8,1,7,0,1,8,7,2023-05-27
giwta2_gewrgakopoulou,1,2,-6,10,4,0,1,3,3,7,4,2023-05-15
apostoliskoufos,5,2,6,0,6,0,8,0,0,8,8,2023-05-12
bas_geo,2,1,1,6,7,0,1,4,3,8,5,2023-05-03
MindCruck,4,1,2,1,3,0,4,0,3,7,4,2023-05-01
PANOS_FOTIOY,3,0,24,0,24,1,5,0,2,7,5,2023-04-04
Manolis_Papamarkakis,4,1,6,1,7,1,4,0,4,8,4,2023-03-21
altinosmeria,5,2,11,1,12,1,8,0,0,8,8,2023-02-27
Panagiotis_Mytilinaios,5,2,12,1,13,0,3,2,3,8,5,2023-02-16
Pencil_Calligrapher,4,1,0,0,0,0,5,0,3,8,5,2023-12-19
Jasonjj,3,0,-4,4,0,0,5,1,2,8,6,2023-06-17
DIMITRIS_MPARDANIS_Official,3,0,-3,3,0,0,4,1,3,8,5,2023-03-07
Pc Fan,2,1,-1,3,2,0,1,5,2,8,6,2023-02-08
Vas1lakhs_Alxv,5,2,1,2,3,1,8,0,0,8,8,2023-02-01
Pilikigkou Marina,2,1,-1,2,1,0,2,1,5,8,3,2023-01-14
i-F8,5,2,2,1,3,0,8,0,0,8,8,2022-09-21
Ina_H_,2,1,0,4,4,0,0,4,4,8,4,2022-09-16
Antonios_Kouzanidis,4,1,0,2,2,1,7,0,1,8,7,2022-07-18
Βεντούρη,4,1,4,2,6,0,4,0,3,7,4,2022-04-12
georgakisg,5,2,9,3,12,1,7,0,0,7,7,2022-02-09
LuckySevenLeather,5,2,10,0,10,1,7,0,0,7,7,2022-02-04
styliadd18,5,2,6,4,10,0,6,0,2,8,6,2022-02-01
Balia_Petsiou,3,0,2,6,8,0,4,3,1,8,7,2022-01-28
Kyrillos_Meletlidis,4,1,-4,6,2,1,6,0,1,7,6,2022-01-24
georgioan,5,2,5,4,9,0,6,0,2,8,6,2022-01-06
Maurisjo_Marios_Kolami,5,2,9,1,10,0,8,0,0,8,8,2021-12-25
Dina_Mark,2,1,-1,10,9,0,6,2,0,8,8,2021-12-18
priest72,5,2,4,2,6,0,7,0,1,8,7,2021-12-14
Ko__Ma_,4,1,5,2,7,0,4,0,4,8,4,2021-12-13
DIM_YT,3,0,6,2,8,0,1,3,4,8,4,2021-12-11
Maria_CHatzimanolaki,1,2,3,14,17,1,0,4,4,8,4,2021-11-11
Apostolos_Kiziloglou,4,1,10,1,11,0,3,1,4,8,4,2021-11-11
pkaratzas,1,2,-3,13,10,0,1,5,2,8,6,2021-11-04
Stamatis_Deligiannis,4,1,6,0,6,1,2,1,4,7,3,2021-10-31
vkaskanis,5,2,15,0,15,0,8,0,0,8,8,2021-10-24
mitsos_mitsaras62,1,2,-4,12,8,0,0,8,0,8,8,2021-10-19
zinmetor_49,1,2,-6,11,5,0,3,5,0,8,8,2021-10-13
george.alvanakis,3,0,0,6,6,0,2,3,3,8,5,2021-10-11
panagiotispolyhronou2,5,2,5,2,7,0,7,0,1,8,7,2021-10-06
alexandros.papanastasiou,4,1,1,0,1,0,5,0,3,8,5,2024-01-11
Gersa_Balliu,3,0,0,1,1,1,0,3,5,8,3,2024-01-05
dimitris1102,5,2,0,0,0,0,8,0,0,8,8,2024-01-03
Michalis_P_89,5,2,0,0,0,0,7,0,1,8,7,2024-01-03
tolisnik4,4,1,1,1,2,1,6,0,2,8,6,2023-12-27
Evangelia_Kontogianni396,3,0,-1,1,0,0,4,1,3,8,5,2023-12-26
Nefeli.N,4,1,-1,1,0,0,6,1,1,8,7,2023-12-26
Giorgos_Pappas4440,2,1,1,2,3,1,5,0,3,8,5,2023-10-24
DHMHTRHS_kostatinoy,4,1,6,3,9,0,3,0,5,8,3,2023-09-12
Eirinidara,4,1,-2,3,1,1,3,1,2,6,4,2023-09-05
maria.kastana.5,4,1,7,1,8,1,2,0,3,5,2,2023-08-29
george_visvardis3495,3,0,3,0,3,0,5,1,2,8,6,2023-08-26
Vaggelis_Gkatziwlis,5,2,2,2,4,0,6,0,2,8,6,2023-08-21
vasilis_koytras,5,2,3,4,7,0,8,0,0,8,8,2023-08-11
ioannalyrd86,5,2,0,6,6,0,6,0,2,8,6,2023-05-16
mariosalexopoulaki,5,2,-5,8,3,0,8,0,0,8,8,2023-05-12
kosfoudoulakis,5,2,1,3,4,1,7,0,0,7,7,2023-04-25
christos.georgiou.1996,3,0,-3,7,4,1,4,1,3,8,5,2023-04-18
vlgrs_mixos,5,2,6,9,15,0,3,0,5,8,3,2023-04-15
exodos24,3,0,-2,9,7,1,1,2,4,7,3,2023-04-11
g_bouros,5,2,10,9,19,0,8,0,0,8,8,2023-03-26
Stavroullaa_V,5,2,24,2,26,0,8,0,0,8,8,2023-03-22
Glykeria_Gioti,4,1,6,3,9,0,6,0,2,8,6,2023-03-13
Zhoh_Dilfe,4,1,12,0,12,1,8,0,0,8,8,2023-02-24
crystalgroup44,3,0,-11,14,3,0,4,1,3,8,5,2023-02-18
marios_mach,5,2,0,2,2,1,7,0,1,8,7,2023-02-14
Apollon10,3,0,-5,10,5,0,3,1,3,7,4,2023-02-12
!Tinky!,4,1,1,0,1,0,5,0,3,8,5,2023-02-12
lefterisol32,5,2,6,2,8,1,6,0,0,6,6,2023-02-07
Apollon10,4,1,1,0,1,0,7,0,1,8,7,2023-12-01
ggeorgas,1,2,0,3,3,0,2,4,2,8,6,2023-09-29
violetta.mulwna,2,1,1,2,3,0,4,3,1,8,7,2023-09-12
Dimitris_Konidaris6181,4,1,-2,3,1,0,4,0,2,6,4,2023-07-01
Christina Kokkini,3,0,5,0,5,1,2,2,4,8,4,2023-05-23
THanasis_Athanasiou18,3,0,-3,6,3,1,6,0,1,7,6,2023-05-02
Chris_Kou41,2,1,0,3,3,0,0,3,5,8,3,2023-05-01
Theodore_Datseris,5,2,6,1,7,0,4,0,0,4,4,2023-04-24
maria-pan,3,0,-1,3,2,0,3,3,2,8,6,2023-04-01
effie_d,1,2,-4,9,5,1,1,4,1,6,5,2023-03-30
Atermonas,4,1,1,2,3,0,6,0,2,8,6,2023-03-15
Akis_Drakos79,4,1,0,1,1,0,7,0,1,8,7,2023-03-05
01,5,2,3,0,3,1,8,0,0,8,8,2023-02-17
Captain Thanos,3,0,1,2,3,1,4,2,2,8,6,2023-01-31
tom1982,3,0,6,8,14,0,2,1,5,8,3,2022-12-22
Nikos_Katsouros,5,2,12,0,12,0,8,0,0,8,8,2022-12-07
konstantinos_Papagiannis2323,4,1,18,1,19,1,3,0,5,8,3,2022-10-26
Apostolis_Zois97,5,2,1,0,1,1,7,0,1,8,7,2024-03-15
Anastasios_Kat,3,0,-1,2,1,1,4,2,2,8,6,2024-03-12
Χρήστος Βλ,2,1,0,1,1,0,1,5,2,8,6,2024-03-11
KIKI_FOU,2,1,0,2,2,0,0,2,5,7,2,2024-02-28
lizaki120,2,1,-1,3,2,0,2,0,6,8,2,2024-01-25
Sofia_asimi,2,1,-2,4,2,0,0,5,3,8,5,2024-01-19
JackerGR,2,1,0,2,2,0,2,4,2,8,6,2024-01-17
jo_dik,2,1,-5,13,8,0,1,2,5,8,3,2023-11-12
Kenneth_Pappas,3,0,-2,9,7,1,3,2,1,6,5,2023-11-08
Georgios Charalampis,4,1,2,5,7,1,6,0,2,8,6,2023-10-29
Dim_Pap13,3,0,-9,11,2,0,0,0,8,8,0,2023-10-29
St_Ts17,3,0,-3,6,3,0,3,1,4,8,4,2023-10-27
tel06taxiarchis,4,1,-2,4,2,0,4,0,2,6,4,2023-10-22
Panagiotis 123,3,0,1,4,5,0,2,1,5,8,3,2023-10-11
Dr.TAKIS,5,2,5,1,6,1,6,0,2,8,6,2023-10-01
dimitris_foun,4,1,4,4,8,1,6,0,1,7,6,2023-09-12
THeodosios_Patmios,5,2,4,0,4,0,7,0,1,8,7,2023-09-05
Bordora_Naki,5,2,6,1,7,0,8,0,0,8,8,2023-08-29
Konstantinos_Galanis4580,2,1,-3,9,6,0,2,2,4,8,4,2023-08-13
chrissabratou,3,0,2,2,4,1,3,1,4,8,4,2023-08-09
Apollon10,4,1,5,1,6,1,7,0,1,8,7,2023-08-08
blade90,5,2,0,0,0,0,8,0,0,8,8,2023-08-04
Nikolas_Solomos,5,2,5,1,6,0,8,0,0,8,8,2023-07-21
Cz_5000,3,0,-4,6,2,0,8,0,0,8,8,2023-07-13
Themis_Karydhs14,5,2,4,1,5,0,8,0,0,8,8,2023-07-13
222s,5,2,6,2,8,0,5,0,0,5,5,2023-06-11
SwiFty_Ik0N1K_YA_,4,1,4,1,5,0,3,0,5,8,3,2023-06-11
konssot,5,2,0,6,6,1,6,0,2,8,6,2023-05-30
dellin,4,1,6,3,9,1,8,0,0,8,8,2023-05-18
dimitris_souranis,4,1,-9,10,1,1,4,0,3,7,4,2023-05-03
Anastasios_Kat,3,0,-1,1,0,1,4,2,2,8,6,2024-03-12
Χρήστος Βλ,2,1,1,0,1,0,1,5,2,8,6,2024-03-11
KIKI_FOU,2,1,1,1,2,0,0,2,5,7,2,2024-02-28
konstantinos_kontomitsos,5,2,-16,44,28,0,8,0,0,8,8,2023-04-08
Thanasis_Stathopoulos6377,3,0,-1,1,0,0,2,2,4,8,4,2024-03-14
kataras,5,2,4,1,5,1,6,0,2,8,6,2024-02-27
rapsa42100,5,2,-1,3,2,1,5,0,1,6,5,2024-02-14
hristozik,2,1,-5,6,1,0,1,3,4,8,4,2024-02-08
Aikaterini_Tsitmidelli,3,0,-4,4,0,1,5,1,2,8,6,2024-02-04
_REDACTED__CTF,3,0,-3,4,1,0,1,4,3,8,5,2024-01-21
Litsa_Theodosioy5966,2,1,0,4,4,0,0,5,3,8,5,2024-01-14
Hlias_Zois7178,3,0,0,3,3,0,1,3,4,8,4,2024-01-12
Shadow_2_98_98,5,2,5,1,6,0,8,0,0,8,8,2024-01-04
panosdanas,5,2,7,6,13,0,8,0,0,8,8,2023-12-24
YanniKouts,4,1,8,1,9,1,4,0,2,6,4,2023-12-19
annita_ch,2,1,-5,8,3,0,0,1,7,8,1,2023-12-17
user8963,5,2,8,0,8,0,8,0,0,8,8,2023-12-06
dimroutsis,5,2,6,1,7,0,1,0,0,1,1,2023-12-02
Nemesis7980,3,0,3,2,5,0,7,0,1,8,7,2023-11-15
egaitatzi,4,1,1,0,1,1,7,0,1,8,7,2023-11-14
Chris_Skevis8087,5,2,1,0,1,1,5,0,3,8,5,2023-11-09
Sxizofreneia7695,4,1,3,3,6,0,4,0,4,8,4,2023-11-06
Marinaklisiarh1996,1,2,-9,13,4,0,1,3,4,8,4,2023-11-05
Stelios_Etairia,4,1,3,1,4,1,6,0,2,8,6,2023-10-29
bill_fot68,5,2,1,5,6,1,6,0,2,8,6,2023-10-11
Georgios_Deraos,4,1,7,1,8,1,5,0,3,8,5,2023-09-17
Just Style,2,1,3,5,8,0,2,2,4,8,4,2023-09-13
Vivi_Alexaki,5,2,9,5,14,1,4,0,2,6,4,2023-08-28
dimitris_foun,2,1,-13,44,31,0,0,0,0,0,0,2023-08-21
Filippos_Taxiarchis_THeodoroud,4,1,15,1,16,0,6,0,2,8,6,2023-08-03
giorgostrikala94,4,1,1,3,4,0,5,1,2,8,6,2023-08-03
z,4,1,5,4,9,0,5,0,3,8,5,2023-07-30
Dimi. A,1,2,-5,17,12,1,0,0,0,0,0,2023-07-05
GOUVIOTIS,5,2,2,0,2,0,8,0,0,8,8,2024-03-06
SigmaDelta,4,1,5,0,5,1,5,1,2,8,6,2024-03-01
skov120,5,2,6,0,6,0,8,0,0,8,8,2024-02-28
MIKU_HINASAKI,5,2,5,2,7,1,8,0,0,8,8,2024-03-08
stalitsa_stei,4,1,0,0,0,0,7,0,1,8,7,2024-03-04
gianniskarnavas20,4,1,1,0,1,0,6,0,2,8,6,2024-01-03
tpt11,3,0,2,0,2,0,3,2,3,8,5,2023-10-20
pavlosba1999,1,2,0,2,2,0,2,3,3,8,5,2023-07-26
Pantelis_Filis,3,0,1,0,1,0,2,0,5,7,2,2023-03-28
gkogkoskon,5,2,2,1,3,0,8,0,0,8,8,2023-02-28
Aliki-Mihailia,4,1,0,3,3,0,3,2,3,8,5,2023-02-26
vagelis011,4,1,1,0,1,1,6,0,2,8,6,2023-01-31
Ioannis_799,4,1,3,0,3,0,5,0,3,8,5,2023-01-04
Melissokomia_Aelia_beekeeping_,2,1,4,1,5,0,2,3,3,8,5,2022-09-29
i-F8,5,2,1,2,3,0,8,0,0,8,8,2022-08-27
Christos Hatzigiannis,4,1,4,0,4,0,7,0,1,8,7,2022-08-07
Antonis_Fosteris8,5,2,3,2,5,0,7,0,1,8,7,2022-06-30
alexvell_4,5,2,5,0,5,0,4,1,3,8,5,2022-06-21
Brothers_TV,2,1,2,1,3,0,2,2,4,8,4,2022-06-20
Vezire_Mere,5,2,3,0,3,0,8,0,0,8,8,2022-06-02
Vagos77,3,0,4,0,4,0,4,1,3,8,5,2022-05-10
Giannis_Giazitzoglou,2,1,2,2,4,0,0,3,5,8,3,2022-05-07
THomas_Koukoulis2288,1,2,2,4,6,0,1,6,1,8,7,2022-05-01
Mi T,4,1,5,0,5,0,6,0,2,8,6,2022-04-21
Irena_P_,1,2,0,4,4,0,2,5,1,8,7,2022-04-02
Teo_o_legomenos,3,0,1,4,5,0,4,2,2,8,6,2022-03-29
Faye_Autumn,4,1,4,1,5,0,6,0,2,8,6,2022-01-21
Pro_Wild_rift,5,2,1,1,2,1,8,0,0,8,8,2022-01-20
_Elena____________0911,5,2,4,0,4,1,8,0,0,8,8,2021-12-15
KOSTAS_KATIS920,1,2,1,4,5,0,0,5,3,8,5,2021-12-07
__Katerina__314,5,2,1,1,2,0,7,0,1,8,7,2021-12-06
ap_pantazis1,1,2,-1,1,0,0,2,3,3,8,5,2024-03-05
Stamatis_MS,5,2,0,2,2,0,8,0,0,8,8,2024-02-08
Stella_Lkrd,1,2,0,3,3,0,1,6,1,8,7,2024-01-30
Jonathan_Beach,3,0,4,2,6,0,4,1,3,8,5,2023-12-28
x100gr,3,0,4,3,7,0,1,1,6,8,2,2023-11-25
george_stamos4371,3,0,0,6,6,0,3,3,2,8,6,2023-09-03
ANNA_DASKALAKI65,1,2,1,4,5,0,0,8,0,8,8,2023-08-27
NIKOS_ZOGRAFISTOS,1,2,-10,13,3,0,0,8,0,8,8,2023-08-26
zzoitsa,3,0,1,5,6,1,5,2,1,8,7,2023-08-09
Nikos_Panagiotopoulos1036,4,1,3,3,6,1,5,0,3,8,5,2023-07-26
skywarp2002,5,2,1,3,4,1,8,0,0,8,8,2023-07-19
Katerina_Xatzileonti,5,2,0,1,1,1,8,0,0,8,8,2023-06-13
Katrinis,5,2,1,1,2,0,7,0,1,8,7,2023-05-31
Chris_Patsias,5,2,0,1,1,1,7,0,1,8,7,2023-05-16
Greg_Dim,4,1,8,2,10,0,8,0,0,8,8,2023-04-30
Alkisti24,3,0,5,8,13,1,4,1,3,8,5,2023-04-30
Olga_Margariti___Zani,5,2,14,4,18,0,7,0,1,8,7,2023-04-08
xristosthassos,2,1,2,13,15,0,4,1,3,8,5,2023-04-06
Basilosre,4,1,6,0,6,0,7,0,1,8,7,2023-04-04
Stavros Chatzinikos,5,2,4,6,10,1,7,0,0,7,7,2023-03-30
Giorgos_Kardamilas7366,4,1,0,4,4,1,6,0,2,8,6,2023-03-23
Rafail_Kornaros,4,1,5,7,12,0,7,0,1,8,7,2023-02-18
Katerina_Ka_i_ri,5,2,1,18,19,0,8,0,0,8,8,2023-02-08
Konstantina_Lyberopoulou9727,5,2,5,3,8,0,8,0,0,8,8,2023-02-07
Daphne.D,2,1,4,13,17,0,1,6,1,8,7,2023-02-06
dimisk77,5,2,10,4,14,1,8,0,0,8,8,2023-01-24
j_petrou,5,2,33,3,36,0,8,0,0,8,8,2022-12-30
agiatrias_Voulgaris,5,2,11,5,16,0,8,0,0,8,8,2022-12-25
Petros_Lempla,5,2,14,3,17,1,8,0,0,8,8,2022-12-20
_______________7300,5,2,5,1,6,0,8,0,0,8,8,2024-02-29
christina_tzimikou,4,1,-6,9,3,1,5,1,1,7,6,2024-02-28
So_Simple,5,2,23,2,25,0,8,0,0,8,8,2024-02-07
_______________7300,5,2,6,0,6,0,8,0,0,8,8,2024-02-29
christina_tzimikou,4,1,-5,7,2,1,5,1,1,7,6,2024-02-28
So_Simple,5,2,24,1,25,0,8,0,0,8,8,2024-02-07
efStelios,5,2,0,0,0,0,8,0,0,8,8,2024-03-04
ZOUMPOURLIS_THEODOSIOS,3,0,2,0,2,0,6,0,2,8,6,2024-01-10
d.kapodistrias17,3,0,2,1,3,0,3,1,4,8,4,2024-01-09
Georgia_Maragaki,1,2,-8,9,1,0,3,4,1,8,7,2023-11-18
katerinamat,5,2,3,1,4,1,8,0,0,8,8,2023-10-31
Giwrgosp25,3,0,2,4,6,0,1,2,5,8,3,2023-09-18
lia.nestoridou,1,2,-4,8,4,0,0,5,3,8,5,2023-09-14
Immor9799,5,2,1,2,3,0,7,0,1,8,7,2023-08-12
Χρήστος2020,5,2,4,3,7,1,8,0,0,8,8,2023-07-29
Oresti_20083110,4,1,3,2,5,1,6,0,2,8,6,2023-07-18
Purpleacee,2,1,-7,12,5,0,1,3,4,8,4,2023-07-08
Fanis_Z_,2,1,-2,9,7,0,2,1,5,8,3,2023-06-22
IoannaMixaela_Giannopoulou,5,2,4,3,7,0,8,0,0,8,8,2023-05-21
dimitrios.koutas,3,0,-8,11,3,1,6,0,2,8,6,2023-05-16
dimitrios.koutas,3,0,-5,7,2,0,0,0,0,0,0,2023-05-10
Computer_Scientist_231,4,1,17,1,18,1,7,0,1,8,7,2023-04-04
J_K5334,3,0,-10,11,1,0,1,2,5,8,3,2023-04-03
1307,4,1,0,7,7,0,6,1,0,7,7,2023-03-17
Stelaras_1302,4,1,-1,7,6,0,6,0,2,8,6,2023-03-16
vassiliou_n,4,1,0,7,7,1,7,0,0,7,7,2023-03-16
Pipinos_Papadopoulos,5,2,4,5,9,0,7,0,1,8,7,2023-03-14
Chris80's,5,2,5,3,8,0,7,0,0,7,7,2023-03-09
Stayro_Kakof,5,2,2,3,5,0,8,0,0,8,8,2023-02-21
g.terzis,4,1,10,6,16,1,6,0,2,8,6,2023-02-21
P.faliro,3,0,-1,12,11,1,8,0,0,8,8,2023-02-18
Sotiris_Lamp,5,2,0,7,7,0,8,0,0,8,8,2023-01-21
ToNy_P6442,2,1,-5,18,13,1,3,2,3,8,5,2023-03-01
danny_alexander_fiks,1,2,-17,22,5,0,1,3,4,8,4,2023-05-31
IoannaMixaela_Giannopoulou,5,2,0,2,2,0,8,0,0,8,8,2023-05-22
sophia_k81,3,0,0,4,4,1,4,0,2,6,4,2024-03-06
Panos_Nastas,5,2,0,3,3,1,8,0,0,8,8,2024-03-06
Padelis_Likos,5,2,11,1,12,0,8,0,0,8,8,2024-03-02
evridiki90221,5,2,8,0,8,0,8,0,0,8,8,2024-03-02
Mairh_Alexiou,2,1,-18,22,4,0,0,2,6,8,2,2024-02-25
Giannis_Giazitzoglou,4,1,4,0,4,0,4,0,4,8,4,2024-02-19
aigin,4,1,3,2,5,0,8,0,0,8,8,2024-02-03
isaacnicos,5,2,8,0,8,1,6,0,1,7,6,2024-01-30
GIORGOS_THEODOROPOULOS630,5,2,9,1,10,1,7,0,1,8,7,2024-01-23
Kiki_Mpourgoudi9450,4,1,0,6,6,0,7,1,0,8,8,2024-01-13
Hi tech love,4,1,7,5,12,0,8,0,0,8,8,2024-01-02
mania_c_afroula,1,2,-58,67,9,0,3,3,2,8,6,2023-12-30
KonK2609,4,1,-3,8,5,1,6,0,2,8,6,2023-12-30
georgio1518,5,2,9,0,9,0,8,0,0,8,8,2023-12-28
kostas_kkm,4,1,1,3,4,0,6,0,2,8,6,2023-12-27
d.chatzo,5,2,8,0,8,0,5,0,3,8,5,2023-12-24
Thodoras_Gr14,4,1,3,2,5,0,8,0,0,8,8,2023-12-22
NikolasVarnas,5,2,1,1,2,1,8,0,0,8,8,2023-12-21
katerinamaur2004,4,1,7,2,9,0,5,0,3,8,5,2023-12-16
Giorgos_Rigas,4,1,0,0,0,0,6,0,2,8,6,2023-12-06
milonkostas,5,2,1,0,1,0,8,0,0,8,8,2023-11-26
Evan Agrap,5,2,8,1,9,0,8,0,0,8,8,2023-11-25
Elias_Lekk,5,2,10,2,12,0,8,0,0,8,8,2023-11-25
kurusali,2,1,-8,14,6,0,0,5,3,8,5,2023-11-15
Maria_Zamanakou,2,1,-5,12,7,1,4,2,2,8,6,2023-11-11
sophia_k81,3,0,1,3,4,1,4,0,2,6,4,2024-03-06
Mairh_Alexiou,2,1,-17,21,4,0,0,2,6,8,2,2024-02-25
athina_makrogianni,4,1,1,0,1,0,6,0,2,8,6,2023-11-01
DIMITRIS_MASOURAS,5,2,0,0,0,0,8,0,0,8,8,2022-12-18
Lambros Karekos,5,2,1,0,1,0,7,1,0,8,8,2022-12-17
dimitrisspyros,3,0,2,2,4,0,5,2,1,8,7,2022-01-13
Nikos_Mastro46,3,0,1,1,2,0,2,2,4,8,4,2021-12-12
helenigea,5,2,15,2,17,0,8,0,0,8,8,2021-06-13
GOD_GAMER,4,1,-6,21,15,0,7,0,1,8,7,2021-04-02
Natasa_Alexandropoulou,5,2,13,1,14,0,8,0,0,8,8,2021-03-23
dimten,5,2,14,6,20,0,6,0,0,6,6,2021-02-13
nicktm,1,2,-19,37,18,0,1,4,2,7,5,2021-02-08
nikos_pits,5,2,-7,23,16,0,7,0,1,8,7,2021-02-06
RIVERS,1,2,21,24,45,0,5,2,1,8,7,2020-12-23
alexzarog,5,2,0,0,0,0,8,0,0,8,8,2024-03-15
alexandros.tsentelieros,3,0,0,0,0,0,3,2,3,8,5,2024-03-08
Alex_Alecos,5,2,3,0,3,0,7,0,1,8,7,2024-02-18
Loukia_Xristodoulou,3,0,3,0,3,1,5,1,2,8,6,2024-01-08
kyriakosvol,4,1,-1,1,0,0,6,0,2,8,6,2024-01-07
d.kapodistrias17,5,2,0,0,0,0,8,0,0,8,8,2023-12-29
Dimitris9691,2,1,-3,5,2,0,3,2,3,8,5,2023-12-13
Adonis_Adoneas,3,0,2,0,2,0,0,2,6,8,2,2023-12-10
babispav,5,2,3,0,3,0,7,0,1,8,7,2023-12-08
kikasoeo,1,2,1,0,1,0,2,2,4,8,4,2023-11-22
lefaset,4,1,4,0,4,0,6,1,1,8,7,2023-10-31
pappapkaterina,5,2,1,1,2,1,8,0,0,8,8,2023-09-19
Grigoris_Margaritis,5,2,3,1,4,0,8,0,0,8,8,2023-08-14
Bill_Bousi,5,2,3,1,4,0,8,0,0,8,8,2023-07-14
1991.,1,2,-2,8,6,0,1,3,4,8,4,2023-07-13
Antonis_Pensas,3,0,3,3,6,0,3,1,4,8,4,2023-06-30
xara.33,5,2,-1,3,2,1,8,0,0,8,8,2023-06-22
Katrinis,4,1,7,1,8,1,6,0,2,8,6,2023-06-19
abkkddd,4,1,1,1,2,0,3,1,3,7,4,2023-06-14
kostastry,3,0,0,0,0,1,7,0,1,8,7,2023-06-12
NenPapa,5,2,5,0,5,0,8,0,0,8,8,2023-06-06
Sotiris_Fousekis,4,1,4,0,4,0,8,0,0,8,8,2023-06-02
SAMOS8231,1,2,2,9,11,0,1,3,4,8,4,2023-06-01
Konstantina_Arvaniti3,1,2,4,8,12,0,0,2,4,6,2,2023-05-15
GREEK_WOMAN,1,2,7,3,10,0,5,1,2,8,6,2023-05-12
Stratos_Vlasakidis,1,2,4,1,5,1,0,1,0,1,1,2024-01-24
ChristiK.,1,2,-10,17,7,1,0,7,1,8,7,2024-03-12
Luanna98,5,2,1,0,1,1,8,0,0,8,8,2024-03-12
Gigt_Gt,5,2,1,1,2,1,8,0,0,8,8,2024-03-07
paris.kout,2,1,-2,5,3,0,6,2,0,8,8,2024-03-05
Shopping Girl,4,1,5,1,6,0,8,0,0,8,8,2024-03-04
harrys.tsourounakis,5,2,-6,8,2,1,7,0,1,8,7,2024-02-27
ntinadro,4,1,-2,3,1,1,4,0,3,7,4,2024-02-27
Stelios_Polikantriotis__SY2AMI,5,2,6,3,9,1,7,0,1,8,7,2024-02-13
mike238,5,2,8,1,9,1,8,0,0,8,8,2024-02-11
Aim_Tz,5,2,-3,7,4,1,4,0,1,5,4,2024-02-04
bdc695,4,1,-7,9,2,0,8,0,0,8,8,2024-01-31
Stelios_Polikantriotis__SY2AMI,5,2,12,2,14,0,8,0,0,8,8,2024-01-30
katsiouolga,5,2,2,3,5,0,7,0,1,8,7,2024-01-23
Iro4540,5,2,17,1,18,1,8,0,0,8,8,2024-01-23
Sofia_Mertika,2,1,-29,39,10,1,4,3,1,8,7,2024-01-23
Mil,5,2,10,0,10,0,8,0,0,8,8,2024-01-23
n_k.,5,2,4,0,4,0,8,0,0,8,8,2024-01-21
Μανώλης Λαμπράκης,5,2,-14,15,1,0,6,0,2,8,6,2024-01-19
nikosperr1997,4,1,-2,3,1,1,6,0,2,8,6,2024-01-17
Antreas_Oikonomou68,5,2,-3,3,0,1,7,0,1,8,7,2024-01-16
CallMeJigas,5,2,8,11,19,1,8,0,0,8,8,2024-01-16
demetres mit,5,2,11,3,14,0,8,0,0,8,8,2024-01-13
Antonis_Maganiaris,5,2,-2,19,17,0,8,0,0,8,8,2024-01-11
Lamprox,5,2,6,2,8,1,8,0,0,8,8,2024-01-09
Nick_Panagoulis,5,2,3,2,5,0,7,0,1,8,7,2024-01-08
vpp17,4,1,-11,17,6,1,7,0,1,8,7,2024-01-07
Kost244,5,2,1,0,1,0,7,0,1,8,7,2024-01-06
Dora77,5,2,22,1,23,0,8,0,0,8,8,2024-01-02
ChristiK.,1,2,-10,18,8,1,0,7,1,8,7,2024-03-12
Luanna98,5,2,-1,2,1,1,8,0,0,8,8,2024-03-12
Gigt_Gt,5,2,0,2,2,1,8,0,0,8,8,2024-03-07
paris.kout,2,1,-3,6,3,0,6,2,0,8,8,2024-03-05
Shopping Girl,4,1,4,2,6,0,8,0,0,8,8,2024-03-04
harrys.tsourounakis,5,2,-7,9,2,1,7,0,1,8,7,2024-02-27
Stelios_Polikantriotis__SY2AMI,5,2,5,4,9,1,7,0,1,8,7,2024-02-13
mike238,5,2,7,2,9,1,8,0,0,8,8,2024-02-11
Sofia_Mertika,2,1,-28,39,11,1,4,3,1,8,7,2024-01-23
Mil,5,2,9,1,10,0,8,0,0,8,8,2024-01-23
n_k.,5,2,3,1,4,0,8,0,0,8,8,2024-01-21
Vagelis_Xanthoudakis6451,5,2,0,0,0,0,7,0,1,8,7,2024-03-19
ChristiK.,1,2,-10,16,6,1,0,7,1,8,7,2024-03-12
harrys.tsourounakis,5,2,-5,7,2,1,7,0,1,8,7,2024-02-27
Sofia_Mertika,2,1,-30,39,9,1,4,3,1,8,7,2024-01-23
Luanna98,5,2,0,1,1,1,8,0,0,8,8,2024-03-12
ChristiK.,1,2,-9,14,5,1,0,7,1,8,7,2024-03-12
Gigt_Gt,5,2,0,1,1,1,8,0,0,8,8,2024-03-07
a_kastana,5,2,0,0,0,0,5,0,3,8,5,2024-01-01
Ippo_Soum,5,2,4,0,4,0,8,0,0,8,8,2023-06-11
alexandros_kassimis,3,0,-1,2,1,0,1,0,6,7,1,2023-01-23
Dimitris_Katsifarakis4735,5,2,4,0,4,0,5,1,2,8,6,2022-04-17
fabiokoshi3,4,1,1,0,1,0,4,1,3,8,5,2022-03-20
mariapap1221,4,1,3,0,3,0,5,0,3,8,5,2022-01-22
Theodora2638,5,2,2,0,2,0,6,0,2,8,6,2021-09-06
[email protected],5,2,2,0,2,0,8,0,0,8,8,2021-08-31
Dimitris_Ppz,5,2,-1,2,1,0,8,0,0,8,8,2021-05-11
Kostas_Sou,5,2,2,1,3,0,5,0,3,8,5,2021-04-30
Eythymios_Mpliamtis,5,2,1,1,2,0,8,0,0,8,8,2021-04-27
athina_koug4,4,1,1,1,2,0,6,0,1,7,6,2021-03-27
TEO_Koutsakis_Messi_for_ever,3,0,-2,6,4,0,3,2,3,8,5,2021-02-13
αλτερνατιβ,2,1,-1,2,1,0,2,3,3,8,5,2021-01-17
sadalienvert,5,2,7,0,7,0,8,0,0,8,8,2021-01-04
kostas_Stilianos,5,2,8,0,8,0,8,0,0,8,8,2020-11-22
Δέσποινα20,5,2,6,0,6,0,8,0,0,8,8,2020-04-25
Apost_Kiriakidis,3,0,-11,15,4,0,1,5,2,8,6,2019-12-26
darknerezza,5,2,7,1,8,1,8,0,0,8,8,2019-12-03
Stam_Croes,4,1,4,1,5,0,4,0,4,8,4,2019-10-08
FARMAKOPOIOS_1936,4,1,3,4,7,0,6,0,1,7,6,2019-08-18
Afroditi_Spanou,1,2,-3,5,2,0,1,5,2,8,6,2019-08-17
kika_Kikitsa,3,0,2,0,2,0,4,0,4,8,4,2019-08-07
EudoxiePap,5,2,7,0,7,0,8,0,0,8,8,2019-08-06
Billis_Ladikos,1,2,1,2,3,0,5,2,1,8,7,2019-08-01
AndroTech GR,3,0,0,3,3,0,2,2,4,8,4,2019-07-15
xaris07,3,0,-6,9,3,0,2,2,4,8,4,2019-05-15
Giorgos_Venios,5,2,7,1,8,0,8,0,0,8,8,2019-05-04
SYNODINOU SOFIA,5,2,7,0,7,1,8,0,0,8,8,2019-04-23
evangelia_pl,2,1,-8,13,5,0,2,5,1,8,7,2019-04-11
tasos_Mitrou,3,0,0,0,0,0,6,1,1,8,7,2024-01-28
fmaril1,5,2,8,1,9,0,8,0,0,8,8,2021-02-26
TTL_TRIANTA122,5,2,5,0,5,0,8,0,0,8,8,2020-07-26
nick_papas1420,2,1,2,0,2,0,3,1,4,8,4,2024-02-05
Aris_Dr,5,2,0,0,0,0,3,0,2,5,3,2024-01-28
I_love_Disney_I_love_Disney,3,0,0,1,1,0,0,0,0,0,0,2023-03-04
Giannis_THeod_,5,2,0,0,0,0,5,0,3,8,5,2023-02-13
Marizeta_Kaklamanou_Artist,3,0,0,0,0,0,4,0,4,8,4,2022-11-18
stivkaras,3,0,-1,2,1,0,6,0,2,8,6,2022-11-08
Jim.Ann,5,2,0,0,0,0,8,0,0,8,8,2022-10-09
stamts78,1,2,0,0,0,0,0,8,0,8,8,2022-09-27
Spyros_Spyro,3,0,1,4,5,0,2,0,6,8,2,2022-06-05
Hlias_Zois7178,4,1,5,1,6,0,7,0,1,8,7,2022-02-12
annmar.ko,5,2,6,6,12,0,8,0,0,8,8,2022-01-03
maria.kastana.5,5,2,-1,1,0,1,4,0,0,4,4,2024-01-27
giorgospoutahidis,5,2,1,0,1,1,8,0,0,8,8,2024-01-09
nikos.,1,2,-3,4,1,1,0,5,3,8,5,2024-01-02
SANDRIN,2,1,2,1,3,1,3,3,2,8,6,2023-09-19
Lazaros_Kara990,3,0,1,2,3,0,0,2,6,8,2,2023-08-27
Kater1n@,5,2,3,2,5,1,8,0,0,8,8,2023-07-04
Maria_Johnson,2,1,1,3,4,0,3,1,4,8,4,2023-06-10
christinakap,3,0,1,3,4,0,0,0,7,7,0,2023-04-05
Arduino_Digital,4,1,10,1,11,1,5,0,3,8,5,2023-01-11
D__Chiotis,5,2,5,0,5,1,8,0,0,8,8,2022-12-28
stefanosalexiou_,4,1,3,2,5,0,5,0,3,8,5,2022-12-21
lazarosgr,4,1,2,7,9,1,3,3,2,8,6,2022-08-19
Pantel1s 1984,5,2,2,6,8,0,5,0,3,8,5,2023-03-23
SISSY_PATITAKI3503,1,2,-11,16,5,0,4,3,1,8,7,2023-03-04
Vasilis_Deliyiannis,5,2,1,2,3,0,8,0,0,8,8,2023-02-27
Giannis_Mayromatis3035,4,1,2,3,5,0,5,0,2,7,5,2022-11-24
Klearhos_Mavrilakos,5,2,-1,1,0,0,8,0,0,8,8,2022-11-20
Yro_ant,3,0,-4,6,2,0,4,1,3,8,5,2022-11-04
Technics_power,5,2,2,2,4,0,8,0,0,8,8,2022-08-27
D.K.1960,5,2,7,3,10,0,6,0,2,8,6,2022-07-22
Ελένη Παπαδόπουλου 09,5,2,7,4,11,1,8,0,0,8,8,2022-07-17
F20,5,2,16,2,18,1,6,0,2,8,6,2022-06-29
Παναγιωτης Καπελ.,5,2,25,2,27,1,8,0,0,8,8,2022-06-17
Ricos_P_,4,1,2,0,2,0,5,0,3,8,5,2023-11-14
Giorgos_Deliannidis,4,1,0,2,2,0,6,2,0,8,8,2023-05-04
tzinio9,5,2,13,3,16,0,8,0,0,8,8,2021-09-17
Vladimiros_Peilivanidis,5,2,5,5,10,1,6,0,2,8,6,2021-08-11
ENKI2,5,2,6,6,12,0,8,0,0,8,8,2021-01-15
Patsi.Fot,5,2,21,4,25,0,8,0,0,8,8,2020-12-24
mitsiklas13,5,2,22,3,25,0,8,0,0,8,8,2020-12-10
Manolis_Manolos,5,2,12,4,16,0,7,0,1,8,7,2020-12-03
NIKOS_ALEXIOU96,5,2,8,4,12,0,7,0,1,8,7,2020-11-14
kes_idis77,5,2,14,3,17,0,8,0,0,8,8,2020-11-03
Efi_Karamitrou,4,1,-4,10,6,0,5,1,1,7,6,2020-10-12
Potato_Girl,5,2,1,1,2,0,7,0,1,8,7,2022-11-17
Ton_Mp,5,2,2,0,2,0,7,0,1,8,7,2022-11-05
Ama_par19,5,2,2,0,2,0,7,0,1,8,7,2022-10-23
George_Hug,5,2,5,3,8,1,8,0,0,8,8,2022-02-21
kalpap,5,2,11,2,13,0,7,0,1,8,7,2021-07-27
Athanasios_Katsoulis,4,1,-2,4,2,1,7,0,1,8,7,2021-05-18
spiros_mar,5,2,0,5,5,0,7,0,1,8,7,2021-05-13
nikigia,2,1,-1,1,0,1,5,2,1,8,7,2023-02-10
STAYROULA_TZIORA,4,1,-1,1,0,0,7,0,1,8,7,2023-01-26
ThanosR92,4,1,3,3,6,0,8,0,0,8,8,2022-07-11
Rebel500cc,2,1,-19,22,3,0,3,3,2,8,6,2022-05-21
Dr.Feel,5,2,2,6,8,0,7,0,1,8,7,2021-11-05
giorgos_papas62,4,1,1,3,4,0,5,0,3,8,5,2021-08-03
stathek1,5,2,0,6,6,0,4,1,3,8,5,2021-08-02
kitsos1122,5,2,2,3,5,1,8,0,0,8,8,2021-05-30
Tsisana gati,4,1,2,4,6,1,6,0,2,8,6,2021-03-17
aris_karamanlis,4,1,6,0,6,1,4,0,4,8,4,2021-03-05
basilisnikolaou5c,4,1,5,3,8,1,7,0,1,8,7,2020-12-25
Andreas_T5486,5,2,2,4,6,0,8,0,0,8,8,2020-12-21
IOANNIS_BATASIS,4,1,7,1,8,1,7,0,1,8,7,2020-12-03
andonis_13,4,1,6,2,8,1,6,1,1,8,7,2020-11-29
Maria_Klava,2,1,2,10,12,0,4,3,1,8,7,2020-10-23
Manos_Dramitinos36,5,2,-4,9,5,0,7,0,1,8,7,2020-10-16
den_xero_ti_onoma_na_valo,4,1,3,5,8,0,7,0,1,8,7,2020-10-13
Angie_Papablack,3,0,1,8,9,0,5,0,3,8,5,2020-10-08
antoniadisjean,5,2,1,3,4,1,8,0,0,8,8,2020-10-06
Travlos_Panagis,5,2,-34,41,7,1,7,1,0,8,8,2020-09-15
FergadisAntonis,5,2,4,3,7,1,7,0,1,8,7,2020-09-11
arhs939,5,2,14,2,16,0,6,0,1,7,6,2020-09-11
Nicholas_Demetriades,4,1,4,0,4,0,7,1,0,8,8,2020-08-23
athelas,4,1,-6,13,7,0,6,0,2,8,6,2020-07-27
Alexandros_Vadarakis,4,1,0,0,0,0,5,1,2,8,6,2024-03-06
steliosgan,4,1,2,0,2,0,5,0,3,8,5,2023-09-04
Nikos_Sideris4,5,2,6,1,7,0,7,1,0,8,8,2022-03-03
Dimitrios_Lekkas4721,5,2,6,0,6,0,8,0,0,8,8,2022-02-20
moisisioan,5,2,12,1,13,0,7,0,1,8,7,2022-02-14
Alkis_Gour,5,2,6,0,6,0,8,0,0,8,8,2022-02-05
NIKOS_KAP54,5,2,4,0,4,0,8,0,0,8,8,2021-08-30
mitsos_ael__keep_the_faith,4,1,6,2,8,0,6,0,1,7,6,2021-04-02
Con_Papageorgopoulos,5,2,2,0,2,0,8,0,0,8,8,2021-04-01
7tasos7,5,2,2,2,4,0,8,0,0,8,8,2021-03-01
Nikos_Sinos,4,1,1,5,6,0,7,0,1,8,7,2021-01-24
jetoras,5,2,4,1,5,0,8,0,0,8,8,2021-01-24
doonies,4,1,-3,7,4,0,6,0,2,8,6,2021-01-08
akorakis2006,5,2,5,1,6,0,8,0,0,8,8,2020-12-31
akiskaralekas,4,1,1,5,6,0,6,1,1,8,7,2020-12-16
Natasa_Alexandropoulou,5,2,5,3,8,0,8,0,0,8,8,2020-12-02
alexiskalfas,4,1,9,0,9,0,7,1,0,8,8,2020-12-02
chris_gatos,5,2,2,3,5,0,6,0,2,8,6,2020-11-28
tsais_1444i,3,0,-1,6,5,1,3,2,3,8,5,2020-11-18
Jasonakos,5,2,7,1,8,0,7,0,1,8,7,2020-10-26
booh.booh.39,2,1,-11,27,16,0,6,1,1,8,7,2020-10-24
An10pits,4,1,1,6,7,1,7,0,1,8,7,2020-10-14
MULAN,5,2,2,2,4,0,8,0,0,8,8,2020-10-14
Dionisis_Papaxristopoulos,5,2,1,0,1,0,7,0,1,8,7,2023-06-29
thanoskkok,2,1,-6,6,0,0,1,3,4,8,4,2023-06-27
POPER_19,5,2,1,0,1,0,8,0,0,8,8,2023-06-22
Konstantinos_Triantafyllos6060,4,1,2,1,3,0,6,0,2,8,6,2023-04-24
PrasinosKolokythis,5,2,1,0,1,0,8,0,0,8,8,2023-02-11
Ama_Lea,5,2,5,0,5,0,7,0,1,8,7,2023-02-02
Alexis_Zafer,5,2,6,0,6,0,8,0,0,8,8,2023-01-31
Panos88_Kokkalitsas,5,2,9,0,9,0,8,0,0,8,8,2022-12-17
Spiros_Bour,5,2,6,0,6,0,8,0,0,8,8,2022-11-29
ffilzz,1,2,-27,31,4,0,4,2,1,7,6,2022-09-04
aristidispas,5,2,10,3,13,0,8,0,0,8,8,2022-04-16
introgr,5,2,-1,9,8,0,8,0,0,8,8,2022-02-19
pan21kap,4,1,5,6,11,0,7,0,1,8,7,2022-01-20
Alexis_Mylon,4,1,1,9,10,0,7,0,1,8,7,2022-01-19
loukp_loykp,5,2,-8,13,5,0,6,0,1,7,6,2022-01-14
Chris Sid88,5,2,14,2,16,0,8,0,0,8,8,2021-11-10
Gio_Kyr,4,1,4,3,7,0,7,0,1,8,7,2021-11-04
kostas_ellas,3,0,-30,35,5,0,5,2,1,8,7,2021-10-08
silverakos,3,0,-24,31,7,0,6,1,1,8,7,2021-10-01
nantofs,1,2,-44,56,12,0,6,2,0,8,8,2021-08-26
Thanos_Siagkas,5,2,5,2,7,0,8,0,0,8,8,2021-07-13
Thomas_Orkas33,5,2,-1,17,16,0,8,0,0,8,8,2021-06-14
Bill_The_Greek16,3,0,0,0,0,0,4,2,2,8,6,2024-02-27
Tania_Kopotyuk,3,0,1,0,1,1,5,0,2,7,5,2022-06-14
i.kal.kas,3,0,2,3,5,1,4,0,2,6,4,2022-03-09
Nick04gr,5,2,0,3,3,0,8,0,0,8,8,2021-08-15
b2010272,2,1,14,9,23,0,2,2,4,8,4,2021-06-26
nantofs,1,2,2,8,10,0,6,1,1,8,7,2021-06-09
georgilio,3,0,11,2,13,0,6,1,1,8,7,2021-06-08
faif,4,1,4,2,6,1,4,1,2,7,5,2021-05-09
stevy36,4,1,4,2,6,0,6,1,1,8,7,2021-05-04
DIMITRA_PATSIA,4,1,3,3,6,0,5,0,3,8,5,2021-04-15
finnsailorgr,2,1,-49,71,22,0,3,2,3,8,5,2020-12-20
karotsa30,5,2,10,2,12,0,8,0,0,8,8,2020-12-17
Natasa_Alexandropoulou,5,2,7,4,11,0,8,0,0,8,8,2020-12-02
gloup81,5,2,26,0,26,0,8,0,0,8,8,2020-10-31
Martha_123,4,1,7,5,12,0,5,0,3,8,5,2020-10-26
Panos88_Kokkalitsas,5,2,2,0,2,0,7,0,0,7,7,2022-12-10
foraditsa21,5,2,1,0,1,1,7,0,0,7,7,2022-11-22
loukp_loykp,5,2,2,1,3,0,8,0,0,8,8,2022-09-05
Steve_Mpako,3,0,2,7,9,0,4,1,3,8,5,2022-03-27
loukas_bond,5,2,3,5,8,1,7,0,1,8,7,2022-03-21
Kwney,4,1,12,0,12,0,7,0,1,8,7,2022-02-19
SmokyAce_420,5,2,9,3,12,0,7,0,1,8,7,2022-02-11
Alexandros_Chrisikopoulos,3,0,5,3,8,0,0,0,0,0,0,2022-02-08
giovanakis3,5,2,5,0,5,0,8,0,0,8,8,2022-02-08
Teta_Levaki,3,0,-6,23,17,0,6,1,1,8,7,2021-10-21
fextheo,3,0,10,7,17,0,3,0,5,8,3,2021-10-01
George_Kinis,5,2,13,0,13,0,7,0,1,8,7,2021-08-01
Aristi Italiano,1,2,-1,1,0,0,4,1,3,8,5,2024-03-06
John_B_86,4,1,-1,2,1,0,6,0,2,8,6,2024-02-05
xaris_geo5078,5,2,1,0,1,0,6,0,2,8,6,2023-12-27
tengo5545,3,0,-1,2,1,0,3,2,3,8,5,2023-08-22
Georgia_Giannidou,4,1,2,1,3,0,5,1,2,8,6,2023-05-21
Geo_Koko,3,0,-2,8,6,0,3,2,3,8,5,2023-05-13
Manolitsis_Dimitrios,2,1,-6,11,5,0,5,2,1,8,7,2023-02-17
Tasos_Bokos,1,2,-11,17,6,0,5,2,1,8,7,2023-02-01
victortremmas,3,0,0,6,6,0,4,1,3,8,5,2022-10-12
Sakis_Sitrof,3,0,2,6,8,0,3,2,3,8,5,2022-09-30
Sakis_Sitrof,3,0,1,3,4,0,3,3,2,8,6,2022-09-30
hgv,5,2,11,2,13,0,7,0,0,7,7,2022-07-23
Xrysoula_Fotsitzi,5,2,2,2,4,1,8,0,0,8,8,2022-07-12
Herc_koni,1,2,-10,16,6,0,3,2,3,8,5,2022-07-03
Ninja1,4,1,2,1,3,0,7,0,1,8,7,2022-06-27
giannisgr21,5,2,12,0,12,0,8,0,0,8,8,2022-06-19
evagalliou6,5,2,3,3,6,0,8,0,0,8,8,2022-05-13
Nikos_Lianos22,4,1,10,2,12,1,6,0,2,8,6,2022-03-18
arkudossynth,5,2,12,3,15,0,7,0,1,8,7,2022-03-11
Holbornas1908_OW,5,2,12,2,14,1,8,0,0,8,8,2022-02-19
Taxiarhisss,5,2,24,3,27,0,7,1,0,8,8,2022-01-28
Manos_Mankou,3,0,4,8,12,0,3,1,4,8,4,2022-01-15
Vassilis Gian,4,1,12,2,14,0,6,0,2,8,6,2021-11-04
sword_stelios,4,1,1,9,10,1,6,1,1,8,7,2021-11-01
giotisrm,5,2,4,4,8,0,7,0,1,8,7,2021-10-31
giorgos.jcb,1,2,-20,21,1,0,1,2,5,8,3,2023-06-24
Stratos_Raptopoulos,2,1,0,5,5,0,1,1,6,8,2,2023-06-11
ocean82,3,0,-9,11,2,0,6,0,2,8,6,2022-11-30
emiliano1996,5,2,-16,18,2,0,6,0,2,8,6,2022-09-09
syntrofos,5,2,4,0,4,1,7,0,1,8,7,2022-08-30
ocean82,3,0,-3,4,1,0,4,0,3,7,4,2022-07-18
Antony_Kalampogias,3,0,-11,12,1,0,7,0,1,8,7,2022-07-02
aggelossgourop,3,0,-1,10,9,0,0,1,0,1,1,2022-06-26
mastrogeorge_k,1,2,-35,38,3,0,3,4,1,8,7,2022-05-16
George_Zafeiropoulos,1,2,-20,23,3,0,6,0,2,8,6,2022-05-15
Panos_Panaras,4,1,2,2,4,0,6,0,2,8,6,2022-04-23
bromiaris,5,2,5,0,5,1,7,0,1,8,7,2022-04-21
Errikos_Merntanis,1,2,-13,21,8,0,5,1,2,8,6,2022-04-10
Giorgos_Chasourakis,5,2,0,13,13,0,8,0,0,8,8,2022-01-03
ANTONIS_SKILOURAKIS,1,2,-31,43,12,0,1,2,5,8,3,2021-12-10
Pantelis_Katsikis,2,1,-87,94,7,1,8,0,0,8,8,2021-12-08
CHRISTOS_KOURTELAKIS,5,2,14,0,14,0,7,0,1,8,7,2021-12-01
pourpan,4,1,-2,11,9,1,7,0,1,8,7,2021-11-05
serotonin.s,3,0,-15,34,19,0,2,1,5,8,3,2021-11-01
Nikos_Tsiatsios,5,2,0,7,7,0,8,0,0,8,8,2021-10-08
Apollon10,3,0,-11,19,8,0,0,0,0,0,0,2021-10-03
georgionik,2,1,-30,43,13,0,7,0,1,8,7,2021-08-10
Giorgos F.,2,1,-2,3,1,0,0,0,0,0,0,2024-03-08
Venie,5,2,2,0,2,0,7,0,1,8,7,2024-01-21
fotiskannes,5,2,8,1,9,0,8,0,0,8,8,2024-01-15
Captain_Chris0,4,1,1,0,1,1,7,1,0,8,8,2024-01-14
Giorgos_Gkourgkoulias,4,1,2,0,2,0,6,0,2,8,6,2024-01-03
EV_C,3,0,3,2,5,0,6,1,1,8,7,2023-11-24
Panos_TS5,4,1,-4,6,2,0,7,0,1,8,7,2023-11-06
Stefanos_Oustampasidis,4,1,0,0,0,0,7,0,1,8,7,2023-10-30
bot1101,4,1,4,1,5,0,7,0,1,8,7,2023-09-03
Elpida_mrv,4,1,6,2,8,1,6,0,2,8,6,2023-08-18
Efi_Stivaktaki,4,1,-1,2,1,0,4,1,2,7,5,2023-08-15
gigolak3226,4,1,5,0,5,0,7,0,1,8,7,2023-07-21
kost_bagi,4,1,1,0,1,0,6,1,1,8,7,2023-07-20
Anastasis_Taramas,4,1,1,1,2,0,5,1,2,8,6,2023-06-20
kostas_kostas52,5,2,5,1,6,0,7,0,1,8,7,2023-05-08
gpatounis,4,1,2,5,7,1,5,2,1,8,7,2023-05-02
Kyriakos_Savvopoulos54,4,1,3,0,3,1,7,0,1,8,7,2023-04-04
winlose6_WinLose6,5,2,9,0,9,0,7,0,1,8,7,2023-04-03
thodoros_kyriakidis,4,1,6,1,7,0,7,0,1,8,7,2023-03-08
Konstantinos_Karakasidis,5,2,0,3,3,1,8,0,0,8,8,2023-03-08
Kiki_Zouloumi,4,1,-8,13,5,1,5,0,1,6,5,2023-02-25
never_show__your_dreams,4,1,0,4,4,0,5,1,2,8,6,2023-02-18
jimskoufoglou,4,1,0,0,0,0,6,1,1,8,7,2023-02-14
Anthi_Hancock,5,2,4,0,4,1,5,0,1,6,5,2023-02-10
Giorgos F.,2,1,-1,2,1,0,0,0,0,0,0,2024-03-08
Giorgos F.,2,1,0,0,0,0,0,0,0,0,0,2024-03-08
Giorgos F.,2,1,0,1,1,0,0,0,0,0,0,2024-03-08
Giorgos F.,2,1,-1,1,0,0,0,0,0,0,0,2024-03-08
Grigoris_Siaterlis,5,2,0,1,1,0,8,0,0,8,8,2023-12-09
sofoklis apostolidis,4,1,0,0,0,0,7,0,1,8,7,2023-11-12
Δημήτρης 88,5,2,-3,4,1,1,8,0,0,8,8,2023-07-11
kyriakos3434,5,2,4,0,4,0,7,0,1,8,7,2023-03-20
K.G.B,5,2,3,0,3,0,8,0,0,8,8,2023-03-18
Θοδωρης Λατσι,5,2,3,0,3,0,7,0,1,8,7,2023-02-19
Jo9878,1,2,-6,13,7,0,6,2,0,8,8,2023-01-14
Jerry Papado,2,1,-27,31,4,0,2,1,5,8,3,2023-01-13
Panagioths_Stasinopoulos,1,2,-98,100,2,0,7,1,0,8,8,2022-10-09
eleleft,5,2,5,2,7,0,7,0,1,8,7,2022-09-04
bous_24,5,2,3,11,14,0,8,0,0,8,8,2022-08-07
Mike.s,3,0,-18,25,7,1,4,3,1,8,7,2022-07-24
gti-george,3,0,-30,43,13,0,2,1,5,8,3,2022-04-04
gewrgiadog,5,2,15,1,16,1,8,0,0,8,8,2022-04-03
Giannis_Anastasiou,3,0,-17,26,9,0,5,2,1,8,7,2022-03-18
thodoros_kyriakidis,3,0,10,14,24,0,4,2,2,8,6,2022-03-13
stelisgr,2,1,-3,17,14,1,6,0,2,8,6,2022-03-02
kes_idis77,5,2,7,6,13,0,8,0,0,8,8,2022-02-20
Giorgos_Papan93,4,1,2,6,8,0,8,0,0,8,8,2022-02-13
nikolaos_1985,5,2,20,1,21,1,7,0,1,8,7,2022-02-10
Elessar86,5,2,23,5,28,0,8,0,0,8,8,2022-02-09
Billy_Xd,3,0,-27,38,11,0,3,1,4,8,4,2022-02-09
Ionas_Koskinas,3,0,-16,35,19,1,6,1,1,8,7,2022-01-21
Κατσούλης,3,0,0,0,0,0,4,1,3,8,5,2024-03-14
honda31412,5,2,-1,1,0,1,7,1,0,8,8,2023-12-06
Gianns_tzamins,5,2,-2,2,0,0,8,0,0,8,8,2023-12-02
Stratos_Thomaidis,2,1,1,2,3,0,5,2,1,8,7,2023-12-02
Maria_Seitanidi4639,1,2,-1,3,2,0,1,0,7,8,1,2023-11-30
elizmpar,1,2,-2,4,2,0,1,2,5,8,3,2023-11-17
roulitsad,2,1,-5,8,3,0,6,2,0,8,8,2023-09-26
Argy_orf,1,2,21,6,27,0,2,2,4,8,4,2023-08-16
chrismystar,4,1,3,3,6,0,7,0,1,8,7,2023-08-13
George_mavridis4286,1,2,13,4,17,0,2,2,4,8,4,2023-07-28
Levent1c Thodoris,5,2,1,2,3,0,7,0,1,8,7,2023-07-25
g.kar,5,2,-14,24,10,0,8,0,0,8,8,2023-07-17
Vaggelis93,1,2,17,8,25,0,3,2,3,8,5,2023-07-12
Sofa_Sofatska,4,1,9,0,9,0,6,0,2,8,6,2023-05-10
Lazaros_Katanas77,2,1,0,11,11,0,4,2,2,8,6,2023-04-28
AntigoneTso,1,2,-25,29,4,0,3,2,3,8,5,2023-03-20
Little_My_009,5,2,2,3,5,1,7,0,1,8,7,2023-03-20
George_Pao3127,5,2,4,0,4,0,8,0,0,8,8,2023-03-19
Akis_Paps,3,0,4,0,4,0,5,1,2,8,6,2023-03-16
Thanos_Avramidis,2,1,-2,8,6,0,3,2,3,8,5,2023-03-15
angelos.angelos23,5,2,3,0,3,1,7,0,1,8,7,2023-03-15
Babinos1977,4,1,5,0,5,0,7,0,1,8,7,2023-03-14
r_ersi,4,1,1,3,4,1,8,0,0,8,8,2023-02-28
vix_mirgx,3,0,5,3,8,1,6,1,1,8,7,2023-02-14
Dimitrios_DECIPHERUS,5,2,0,14,14,0,7,1,0,8,8,2023-02-12
Vassilis_Koronis,5,2,7,1,8,0,8,0,0,8,8,2023-02-03
Giwrgos_Xatzhgewrgiou,3,0,-1,3,2,0,5,1,2,8,6,2023-12-20
dmitrantzias,2,1,1,6,7,0,4,2,2,8,6,2023-07-10
evangelosraft1995,4,1,2,1,3,0,4,1,2,7,5,2023-06-20
Nelo1978,5,2,2,0,2,0,8,0,0,8,8,2023-05-23
giorgos@1980,5,2,0,1,1,0,6,0,0,6,6,2023-05-14
giorgos@1980,4,1,1,0,1,0,4,0,0,4,4,2023-05-12
semmellitis,4,1,0,1,1,1,5,0,3,8,5,2023-05-03
THeokleia_Kastanioti,1,2,-17,23,6,0,2,2,4,8,4,2023-02-13
mixalis1204,4,1,7,0,7,0,6,0,2,8,6,2023-01-15
ENKI2,5,2,1,1,2,0,8,0,0,8,8,2023-01-12
pelagiasavvidou18,1,2,-20,26,6,0,2,3,3,8,5,2023-01-07
alexmabr3,4,1,3,1,4,0,6,2,0,8,8,2022-12-23
Eleni_CHatzitheodorou1473,3,0,-5,10,5,0,5,2,1,8,7,2022-12-09
ANDREAS_RIZOS,5,2,4,1,5,0,8,0,0,8,8,2022-11-25
George_Koloveas,4,1,3,2,5,0,6,1,1,8,7,2022-11-05
segleo,4,1,3,2,5,1,7,0,1,8,7,2022-10-25
X__Avg_,3,0,14,2,16,0,6,1,1,8,7,2022-09-22
Makis1955,5,2,2,1,3,0,7,0,0,7,7,2022-09-18
Nelo1978,4,1,8,0,8,0,7,0,0,7,7,2022-09-17
Kostas_Averis,5,2,7,0,7,0,8,0,0,8,8,2022-09-13
giann.george,2,1,-30,37,7,0,3,2,3,8,5,2022-08-18
akis_mpitsou,2,1,2,0,2,0,2,1,5,8,3,2022-08-11
fotis.nz,4,1,3,2,5,0,6,0,2,8,6,2022-08-08
kspy,1,2,-29,34,5,1,6,2,0,8,8,2022-08-04
Alexandros_Stampoulis,3,0,2,5,7,0,5,1,2,8,6,2023-01-31
Maria_Seitanidi4639,1,2,-1,2,1,0,1,0,7,8,1,2023-11-30
roulitsad,2,1,-4,7,3,0,6,2,0,8,8,2023-09-26
Argyroula_Mpeni,5,2,1,0,1,0,8,0,0,8,8,2024-02-07
GIORGOS_KONSTANTINOPOULOS_OFFI,4,1,-7,13,6,0,4,1,3,8,5,2023-11-04
vasilis79,5,2,6,3,9,0,7,0,1,8,7,2023-08-04
theo k,2,1,6,8,14,0,4,3,1,8,7,2023-07-31
Anastasia_Kontari,2,1,2,7,9,0,6,1,1,8,7,2023-07-22
GiannisPapagiannis FINE,3,0,-1,6,5,0,4,0,4,8,4,2023-07-15
Konstantinos_Vasileiou8259,5,2,3,0,3,0,7,0,1,8,7,2023-05-28
oxtnikos,5,2,6,0,6,0,7,0,0,7,7,2023-05-13
mkatsan,3,0,-12,16,4,0,5,1,2,8,6,2023-04-24
panitsidhs,2,1,-41,49,8,0,1,3,3,7,4,2023-04-05
bill.kleo,3,0,-19,26,7,0,4,1,3,8,5,2023-03-31
pangaea_ike,4,1,-6,12,6,1,6,0,2,8,6,2023-02-14
Nikos_Lagios57,3,0,-35,43,8,0,1,2,5,8,3,2023-02-09
Giwta_K,5,2,27,5,32,0,8,0,0,8,8,2023-01-16
Petros.Stratos,5,2,-1,13,12,0,8,0,0,8,8,2023-01-09
sakispapagiannis,5,2,11,3,14,0,7,0,1,8,7,2023-01-02
georgenikolaidis11,5,2,6,4,10,0,8,0,0,8,8,2023-01-02
dan_margarito,5,2,13,3,16,0,8,0,0,8,8,2023-01-02
paris.kenenounis,5,2,11,3,14,0,7,0,0,7,7,2023-01-01
dimagr21,5,2,11,12,23,0,7,0,1,8,7,2022-12-17
Anwnymos,5,2,24,0,24,0,8,0,0,8,8,2024-02-13
Kyiox,5,2,9,3,12,1,8,0,0,8,8,2024-01-28
Mixalis_Papanikolaou,5,2,4,3,7,1,8,0,0,8,8,2024-01-13
Super_Greak12,5,2,6,2,8,0,7,0,1,8,7,2024-01-09
Foteini_Ikonomou,3,0,-26,29,3,0,4,1,3,8,5,2024-01-08
Geo_Mark20,5,2,7,2,9,0,8,0,0,8,8,2024-01-01
scouby_doo,5,2,11,2,13,0,8,0,0,8,8,2023-12-28
Anna_Vergou7691,5,2,7,2,9,0,8,0,0,8,8,2023-12-26
Xara Kos,5,2,1,1,2,0,8,0,0,8,8,2023-12-18
doonies,5,2,8,1,9,0,7,0,1,8,7,2023-12-11
Argiris.Kontos,5,2,10,2,12,0,7,0,1,8,7,2023-12-04
Αργύρης Χριστοφόρου,5,2,13,2,15,0,8,0,0,8,8,2023-12-03
Koz Mas,5,2,1,1,2,0,8,0,0,8,8,2023-11-24
lostre4,5,2,1,3,4,0,8,0,0,8,8,2023-11-23
Emmanuel_Sofikitis,5,2,10,1,11,1,5,0,0,5,5,2023-11-14
Annie_Mpothou,4,1,-3,4,1,0,7,1,0,8,8,2023-11-12
antonis.starras,5,2,11,4,15,0,8,0,0,8,8,2023-11-12
jdran,5,2,4,1,5,1,7,0,1,8,7,2023-10-30
George_Noulas,5,2,12,2,14,0,8,0,0,8,8,2023-10-23
Anasbach,4,1,9,7,16,1,7,0,1,8,7,2023-10-12
kwstaskoukou21,5,2,9,2,11,0,7,0,1,8,7,2023-10-06
REVOLUTION867,5,2,5,4,9,1,8,0,0,8,8,2023-10-04
Mpampis o flou,5,2,22,4,26,0,8,0,0,8,8,2023-10-02
Anwnymos,5,2,23,0,23,0,8,0,0,8,8,2024-02-13
Anwnymos,5,2,18,0,18,0,8,0,0,8,8,2024-02-13
Kyiox,5,2,6,3,9,1,8,0,0,8,8,2024-01-28
Foteini_Ikonomou,3,0,-25,28,3,0,4,1,3,8,5,2024-01-08
Anwnymos,5,2,21,0,21,0,8,0,0,8,8,2024-02-13
Kyiox,5,2,8,3,11,1,8,0,0,8,8,2024-01-28
STEFAN1970,5,2,1,0,1,0,8,0,0,8,8,2024-03-13
kalliopi_ka,4,1,-5,5,0,1,6,0,2,8,6,2024-02-25
chris_zaion,5,2,4,0,4,0,8,0,0,8,8,2024-01-25
ak1988,4,1,-3,5,2,1,6,0,2,8,6,2024-01-24
sotsof41,3,0,-27,30,3,0,7,0,1,8,7,2024-01-02
txcellas,5,2,4,1,5,0,8,0,0,8,8,2023-11-29
Dimitris_Aggel,5,2,9,0,9,0,8,0,0,8,8,2023-11-26
takis13@,5,2,15,0,15,0,8,0,0,8,8,2023-11-03
vvdenise_bran,5,2,3,3,6,1,8,0,0,8,8,2023-10-06
martello1,5,2,9,7,16,0,8,0,0,8,8,2023-09-17
Ioannis_Kalfas,5,2,13,1,14,0,8,0,0,8,8,2023-08-17
george_kavarnos6747,5,2,14,1,15,0,8,0,0,8,8,2023-07-27
geofountouk,5,2,19,3,22,0,7,0,1,8,7,2023-05-18
Zak_Viemon,5,2,49,8,57,1,8,0,0,8,8,2023-05-17
geopasxmag,5,2,22,1,23,0,8,0,0,8,8,2023-05-15
KOSTAS_ALIZEYS,5,2,11,0,11,0,8,0,0,8,8,2023-05-15
kabamarou,4,1,-1,5,4,0,7,0,1,8,7,2023-05-12
giorgos@1980,5,2,5,1,6,0,8,0,0,8,8,2023-05-12
Manos_Makro,5,2,12,4,16,0,8,0,0,8,8,2023-05-01
Nelo1978,5,2,9,0,9,0,6,0,0,6,6,2023-04-29
xristinalaoudikou,5,2,10,2,12,0,8,0,0,8,8,2023-04-18
giovris.g,5,2,2,7,9,0,8,0,0,8,8,2023-03-24
elias28oct,5,2,16,3,19,1,6,0,1,7,6,2023-02-23
kalliopi_ka,4,1,-4,4,0,1,6,0,2,8,6,2024-02-25
Foteini_Ikonomou,3,0,-24,27,3,0,4,1,3,8,5,2024-01-08
T_S_A_R_O_S,5,2,6,1,7,0,6,0,2,8,6,2023-09-30
Anwnymos,5,2,22,0,22,0,8,0,0,8,8,2024-02-13
kalliopi_ka,4,1,-6,6,0,1,6,0,2,8,6,2024-02-25
kalliopi_ka,4,1,-4,4,0,1,6,0,2,8,6,2024-02-25
GButterfly,5,2,3,0,3,0,7,0,0,7,7,2024-03-01
georgio1518,5,2,18,1,19,0,8,0,0,8,8,2024-01-21
Antonis/techitnews,4,1,0,4,4,0,6,0,2,8,6,2024-01-14
aidinidi,5,2,5,0,5,0,8,0,0,8,8,2023-12-28
GButterfly,5,2,2,0,2,0,7,0,0,7,7,2024-03-01
Hospitality_Services_mykonos,5,2,0,5,5,0,7,0,1,8,7,2024-03-09
YEAH_YEAH,4,1,-1,5,4,0,8,0,0,8,8,2024-03-09
manos mad,3,0,-3,7,4,0,4,2,2,8,6,2024-03-09
alani508,5,2,2,3,5,0,8,0,0,8,8,2024-02-29
Giannis_Kanakis7415,5,2,-1,4,3,1,8,0,0,8,8,2024-02-27
elemar,3,0,-11,14,3,0,6,1,1,8,7,2024-02-24
George_Boussoulas,5,2,4,1,5,1,8,0,0,8,8,2024-02-22
SteveManMusicMemories,5,2,15,1,16,0,8,0,0,8,8,2024-02-19
mat537395,5,2,9,1,10,0,8,0,0,8,8,2024-02-15
i_GUN,5,2,5,2,7,1,8,0,0,8,8,2024-01-30
Teo.Ts,5,2,2,3,5,1,8,0,0,8,8,2024-01-28
Man7,5,2,-3,3,0,0,8,0,0,8,8,2024-01-26
Grig_Giak,5,2,6,3,9,1,8,0,0,8,8,2024-01-23
ioanrapt,5,2,-2,2,0,0,8,0,0,8,8,2024-01-18
Mariah_Simmons,5,2,3,5,8,1,8,0,0,8,8,2024-01-17
e.papaefthymiou,5,2,2,1,3,0,8,0,0,8,8,2024-01-11
sakis_koukos,5,2,24,2,26,1,8,0,0,8,8,2024-01-09
chrisanthos88,5,2,15,2,17,0,0,0,0,0,0,2024-01-09
CHristos_Skandalis80,4,1,-6,12,6,0,5,1,2,8,6,2024-01-05
R-tzas,5,2,10,1,11,1,8,0,0,8,8,2024-01-03
geopasxmag,5,2,9,4,13,0,7,0,1,8,7,2023-12-29
taggelop,2,1,-45,48,3,1,8,0,0,8,8,2023-12-27
Anna_Vergou7691,5,2,0,0,0,0,8,0,0,8,8,2024-03-17
manos mad,3,0,-4,8,4,0,4,2,2,8,6,2024-03-09
alani508,5,2,3,3,6,0,8,0,0,8,8,2024-02-29
George_Boussoulas,5,2,5,1,6,1,8,0,0,8,8,2024-02-22
Anna_Vergou7691,5,2,1,0,1,0,8,0,0,8,8,2024-03-17
manos mad,3,0,-5,9,4,0,4,2,2,8,6,2024-03-09
elemar,3,0,-12,15,3,0,6,1,1,8,7,2024-02-24
Hospitality_Services_mykonos,5,2,0,4,4,0,7,0,1,8,7,2024-03-09
YEAH_YEAH,4,1,0,4,4,0,8,0,0,8,8,2024-03-09
manos mad,3,0,-4,7,3,0,4,2,2,8,6,2024-03-09
alani508,5,2,3,2,5,0,8,0,0,8,8,2024-02-29
Giannis_Kanakis7415,5,2,0,3,3,1,8,0,0,8,8,2024-02-27
elemar,3,0,-12,14,2,0,6,1,1,8,7,2024-02-24
Teo.Ts,5,2,2,3,5,1,7,0,1,8,7,2024-01-28
Nelo1978,5,2,7,2,9,0,7,0,0,7,7,2024-02-02
gournaris.kwnstantino,5,2,5,1,6,1,8,0,0,8,8,2024-03-06
ferlemisg,5,2,10,2,12,0,8,0,0,8,8,2024-03-05
Aris_Dr,4,1,-10,11,1,0,4,0,1,5,4,2024-03-02
aidinidi,5,2,24,8,32,0,8,0,0,8,8,2024-02-05
Argiris.Kontos,5,2,23,11,34,0,8,0,0,8,8,2024-01-31
ferlemisg,5,2,12,2,14,0,8,0,0,8,8,2024-03-05
Argiris.Kontos,5,2,22,12,34,0,8,0,0,8,8,2024-01-31
CHRYSANTHOS_KONSTANTINIDIS,5,2,5,0,5,0,0,0,0,0,0,2024-03-13
giorgostrikala94,5,2,12,0,12,0,8,0,0,8,8,2024-03-10
George_Moraitis48,5,2,16,10,26,0,8,0,0,8,8,2024-03-05
kyriakos3434,5,2,5,3,8,0,8,0,0,8,8,2024-03-02
Giorgos_Koutsomp,5,2,15,2,17,1,8,0,0,8,8,2024-02-21
Jack Napier,5,2,11,3,14,0,8,0,0,8,8,2024-02-21
takis13@,5,2,20,3,23,0,8,0,0,8,8,2024-02-17
takis1981,5,2,8,9,17,0,8,0,0,8,8,2024-02-17
RHTVAN_KINTS,5,2,0,13,13,0,8,0,0,8,8,2024-02-15
Antonis/techitnews,5,2,14,7,21,0,8,0,0,8,8,2024-02-15
vaggos_aris,5,2,22,4,26,0,8,0,0,8,8,2024-02-09
Kostas_Mallikourtis,1,2,-154,168,14,1,5,1,2,8,6,2024-02-07
konstantinos_ms,5,2,-3,16,13,0,8,0,0,8,8,2024-02-03
refereeepo71,5,2,4,1,5,0,8,0,0,8,8,2024-02-03
George_Pagios,5,2,13,8,21,0,7,0,1,8,7,2024-02-02
Mr.Jol,5,2,0,16,16,1,8,0,0,8,8,2024-02-02
Argiris.Kontos,5,2,17,5,22,0,8,0,0,8,8,2024-01-31
Dimitris_Dellaportas4544,5,2,16,6,22,0,8,0,0,8,8,2024-01-31
Nelo1978,5,2,0,2,2,0,7,0,0,7,7,2024-03-16
mafiasgr2002,5,2,5,1,6,1,8,0,0,8,8,2024-03-14
CHRYSANTHOS_KONSTANTINIDIS,5,2,6,3,9,0,0,0,0,0,0,2024-03-13
giorgostrikala94,5,2,11,1,12,0,8,0,0,8,8,2024-03-10
George_Moraitis48,5,2,16,11,27,0,8,0,0,8,8,2024-03-05
Kostas_Mallikourtis,1,2,-162,176,14,1,5,1,2,8,6,2024-02-07
CHRYSANTHOS_KONSTANTINIDIS,5,2,5,4,9,0,0,0,0,0,0,2024-03-13
George_Moraitis48,5,2,17,11,28,0,8,0,0,8,8,2024-03-05
RHTVAN_KINTS,5,2,1,13,14,0,8,0,0,8,8,2024-02-15
Kostas_Mallikourtis,1,2,-164,178,14,1,5,1,2,8,6,2024-02-07
mafiasgr2002,5,2,6,0,6,1,8,0,0,8,8,2024-03-14
CHRYSANTHOS_KONSTANTINIDIS,5,2,7,2,9,0,0,0,0,0,0,2024-03-13
George_Moraitis48,5,2,17,10,27,0,8,0,0,8,8,2024-03-05
Kostas_Mallikourtis,1,2,-159,173,14,1,5,1,2,8,6,2024-02-07
Nelo1978,5,2,2,0,2,0,7,0,0,7,7,2024-03-16
CHRYSANTHOS_KONSTANTINIDIS,5,2,8,1,9,0,0,0,0,0,0,2024-03-13
Kostas_Mallikourtis,1,2,-157,171,14,1,5,1,2,8,6,2024-02-07
Nelo1978,5,2,1,0,1,0,7,0,0,7,7,2024-03-16
mafiasgr2002,5,2,4,0,4,1,8,0,0,8,8,2024-03-14
CHRYSANTHOS_KONSTANTINIDIS,5,2,7,1,8,0,0,0,0,0,0,2024-03-13
thacha47,5,2,-1,2,1,0,6,0,2,8,6,2024-01-15
mariamarts8191,4,1,0,2,2,1,7,0,1,8,7,2023-02-14
Kostas_Vrailas,1,2,-3,7,4,0,0,6,2,8,6,2023-01-10
Yiannis_Sou,4,1,2,2,4,1,8,0,0,8,8,2022-10-25
Theodore_Datseris,2,1,-2,10,8,0,1,3,4,8,4,2022-08-26
asikamin,3,0,3,1,4,0,4,0,4,8,4,2022-08-04
Antonis_M__Astrinakis,1,2,16,9,25,0,0,5,3,8,5,2021-07-15
John Tourlis,5,2,15,1,16,1,8,0,0,8,8,2023-07-16
ni_la,4,1,1,1,2,1,5,1,1,7,6,2023-06-13
Johnlantt,5,2,2,0,2,0,4,0,1,5,4,2024-03-12
george 21,5,2,11,2,13,0,6,0,2,8,6,2021-04-06
redxaris,4,1,4,4,8,0,3,1,4,8,4,2021-03-21
Steff_B,5,2,4,8,12,1,8,0,0,8,8,2021-02-25
Diri_Daxta,2,1,3,32,35,0,3,1,4,8,4,2020-11-14
Sofia_Panou48,5,2,-4,34,30,0,8,0,0,8,8,2020-08-17
Leyteris_Kasantonis,5,2,-24,50,26,0,8,0,0,8,8,2020-08-03
akhs496,5,2,29,34,63,0,7,0,1,8,7,2020-05-21
Maria_Panto,1,2,3,0,3,0,0,6,2,8,6,2023-10-24
ntan,1,2,3,2,5,0,2,3,3,8,5,2023-09-19
georgedra7,1,2,6,1,7,0,0,1,0,1,1,2023-08-19
PAPADAS_,4,1,1,2,3,0,5,1,2,8,6,2023-07-11
opelpanos,3,0,6,0,6,0,6,1,1,8,7,2023-05-31
gabriela.staneva.94,3,0,-11,13,2,1,2,1,5,8,3,2023-04-30
Dimitris_Fountas5906,5,2,-3,3,0,0,7,1,0,8,8,2023-02-22
athina1210,4,1,0,2,2,0,7,1,0,8,8,2023-01-09
Gamereviews_gr,3,0,6,2,8,0,6,1,1,8,7,2022-11-20
maimou30,1,2,10,8,18,0,6,1,0,7,7,2022-10-29
Ricos_P_,5,2,2,4,6,1,6,0,1,7,6,2022-09-21
mad_on_disney,5,2,-55,70,15,0,7,0,1,8,7,2022-05-14
elenistamou1992,5,2,-4,21,17,0,8,0,0,8,8,2021-11-02
sona.hovsepyan.91,5,2,-16,36,20,0,7,0,1,8,7,2021-09-13
gardelis,4,1,5,15,20,1,7,0,1,8,7,2021-09-11
George.N,1,2,-1,1,0,0,0,5,3,8,5,2024-03-06
vasilis_bicha,1,2,1,0,1,0,4,2,2,8,6,2024-02-19
th_tzimas,1,2,-1,1,0,0,2,2,4,8,4,2024-01-22
DIMITRIOS_TSOUKALAS,1,2,4,3,7,0,0,4,4,8,4,2023-10-30
1966gate13,1,2,8,2,10,1,6,1,1,8,7,2023-09-20
takaki05,1,2,6,0,6,0,0,8,0,8,8,2023-09-10
panagiotis_mouratidis90,1,2,6,1,7,0,6,1,1,8,7,2023-08-07
G-Tsap,2,1,13,3,16,0,3,2,3,8,5,2023-07-01
ENKI2,5,2,3,2,5,0,8,0,0,8,8,2023-05-19
kriton01,5,2,2,1,3,1,7,0,1,8,7,2023-05-04
thanasis_daskalantonakis,3,0,-2,12,10,0,1,0,3,4,1,2023-04-16
laz37283,1,2,2,9,11,0,5,1,2,8,6,2023-03-24
alpe1992,1,2,3,14,17,0,1,2,1,4,3,2023-02-24
Γιώργος μεγαλος,1,2,2,0,2,0,6,2,0,8,8,2023-02-22
anastasiskissas,4,1,13,0,13,1,7,1,0,8,8,2023-01-14
aidinidi,5,2,5,2,7,0,8,0,0,8,8,2022-11-28
Spyridon_Efstathios_Savvanis,5,2,0,14,14,0,7,0,1,8,7,2022-11-19
amnesiamr2,5,2,8,5,13,0,8,0,0,8,8,2022-10-23
stavros_balilis,5,2,12,2,14,1,8,0,0,8,8,2022-10-18
Aria_Stvr,5,2,11,3,14,0,7,0,1,8,7,2022-09-26
sofobinious_kas,5,2,11,5,16,0,5,0,2,7,5,2022-09-13
Antonis/techitnews,4,1,14,7,21,0,6,0,2,8,6,2022-09-13
kielly.xiradaki,5,2,21,2,23,0,8,0,0,8,8,2022-09-02
George.N,1,2,0,1,1,0,0,5,3,8,5,2024-03-06
vasilis_bicha,1,2,2,0,2,0,4,2,2,8,6,2024-02-19
th_tzimas,1,2,0,1,1,0,2,2,4,8,4,2024-01-22
DIMITRIOS_TSOUKALAS,1,2,5,3,8,0,0,4,4,8,4,2023-10-30
1966gate13,1,2,9,2,11,1,6,1,1,8,7,2023-09-20
takaki05,1,2,7,0,7,0,0,8,0,8,8,2023-09-10
ENKI2,5,2,2,3,5,0,8,0,0,8,8,2023-05-19
kriton01,5,2,1,2,3,1,7,0,1,8,7,2023-05-04
laz37283,1,2,3,9,12,0,5,1,2,8,6,2023-03-24
alpe1992,1,2,4,14,18,0,1,2,1,4,3,2023-02-24
oculus_rif,4,1,4,2,6,0,5,0,2,7,5,2022-08-27
kielly.xiradaki,5,2,20,3,23,0,8,0,0,8,8,2022-09-02
George.N,1,2,0,0,0,0,0,5,3,8,5,2024-03-06
enrigles,4,1,3,3,6,1,7,0,1,8,7,2024-02-06
oculus_rif,4,1,1,0,1,0,4,0,4,8,4,2024-02-06
Alexandros Sampanis,4,1,-19,22,3,0,3,1,4,8,4,2023-12-29
Christoforos_A__Konstantinidis,5,2,2,0,2,0,8,0,0,8,8,2023-12-24
kielly.xiradaki,5,2,6,3,9,0,7,0,1,8,7,2023-12-01
hgv,1,2,6,8,14,0,0,8,0,8,8,2023-11-22
δημητριος βαγιας,2,1,-37,46,9,0,2,2,3,7,4,2023-08-30
teo_greece,5,2,12,13,25,1,7,0,1,8,7,2023-08-22
oculus_rif,4,1,2,0,2,0,4,1,3,8,5,2024-02-06
oculus_rif,4,1,2,0,2,0,4,0,4,8,4,2024-02-06
Vasileios_Petridis37,1,2,2,4,6,0,2,4,2,8,6,2023-10-03
Apostolis_Mpalakakis,1,2,8,1,9,1,6,1,1,8,7,2023-08-30
OSCAR_ZACHAROPLASTEIO,1,2,24,3,27,0,0,5,3,8,5,2023-02-17
Stiv_Ble,4,1,2,3,5,0,4,0,4,8,4,2022-12-16
wns,2,1,35,0,35,0,4,2,2,8,6,2022-11-17
stam_stamo,2,1,19,1,20,0,0,0,0,0,0,2022-11-15
Dimitrios_ZosMou,5,2,0,0,0,0,8,0,0,8,8,2022-09-11
Τζιουμακας Δ,3,0,-41,52,11,0,3,3,2,8,6,2022-07-24
kostasalefr,5,2,-2,9,7,0,8,0,0,8,8,2022-07-20
GiannisPapagiannis FINE,5,2,19,19,38,1,8,0,0,8,8,2022-04-10
giannis_platsoukas,5,2,15,6,21,0,8,0,0,8,8,2022-03-10
AngelosK11,5,2,6,4,10,0,7,0,1,8,7,2022-02-27
Αποστολίδης Θανάσης,5,2,20,6,26,1,8,0,0,8,8,2021-12-27
alkiviadisb,4,1,9,8,17,1,7,1,0,8,8,2021-12-07
GEORGE_STIMAGIOTIS,2,1,-61,79,18,0,6,1,1,8,7,2021-12-02
matzas,5,2,1,6,7,0,8,0,0,8,8,2021-11-26
userakos21,1,2,55,22,77,0,7,0,1,8,7,2021-11-20
eleftherios14panagiot,5,2,16,3,19,0,8,0,0,8,8,2021-10-04
periscarter,5,2,10,7,17,0,8,0,0,8,8,2021-09-16
stathisperto56,5,2,21,4,25,0,8,0,0,8,8,2021-09-11
Chrivar_Torres,5,2,16,14,30,0,8,0,0,8,8,2021-08-30
johnsv66,5,2,20,14,34,0,8,0,0,8,8,2021-08-28
margarita71,2,1,2,0,2,0,4,1,2,7,5,2024-03-04
Pantelis_Filippakos,5,2,0,0,0,0,6,0,2,8,6,2024-03-02
Alexandros_Kokkinopoulos,1,2,2,0,2,0,2,2,4,8,4,2024-02-02
mike_galiatsatos,3,0,3,1,4,0,4,1,3,8,5,2023-12-18
pavlouvasilis,1,2,11,0,11,0,6,2,0,8,8,2023-10-18
Nikolas_Karavitis,4,1,-1,1,0,1,7,1,0,8,8,2023-08-08
byron_papageorgiou,4,1,1,2,3,1,7,0,1,8,7,2023-07-06
anto-tsol,5,2,9,3,12,0,8,0,0,8,8,2023-03-12
Minosz,5,2,15,4,19,0,8,0,0,8,8,2023-02-25
geoopc,5,2,20,3,23,1,8,0,0,8,8,2023-01-25
Dudumas_Junior,2,1,-25,49,24,0,2,3,3,8,5,2023-01-24
oculus_rif,4,1,-24,24,0,0,7,0,1,8,7,2022-12-11
haircut.bythodoris,5,2,-1,7,6,0,7,0,1,8,7,2022-11-22
Dimitris_Ch33,5,2,-8,12,4,0,8,0,0,8,8,2022-10-20
panosegio13,5,2,-3,14,11,0,7,0,1,8,7,2022-10-04
Antonis/techitnews,5,2,-25,31,6,0,8,0,0,8,8,2022-09-25
mike_galiatsatos,3,0,2,1,3,0,4,1,3,8,5,2023-12-18
pavlouvasilis,1,2,10,0,10,0,6,2,0,8,8,2023-10-18
condition,4,1,0,0,0,0,5,0,3,8,5,2024-03-10
Giorgos_Raimodes,5,2,2,1,3,0,8,0,0,8,8,2024-02-21
estet_lee_christopoulos,5,2,5,0,5,1,7,0,1,8,7,2024-02-03
sv2cwy,5,2,6,2,8,1,8,0,0,8,8,2024-01-02
Zosia_Gerchikova,5,2,5,1,6,1,6,0,1,7,6,2023-12-20
xiotis,5,2,1,3,4,0,7,0,0,7,7,2023-11-30
panos_kalantidhs,3,0,-15,16,1,0,3,1,4,8,4,2023-11-08
giorgos_maragkoudakis,5,2,4,1,5,1,8,0,0,8,8,2023-10-31
Antonis/techitnews,4,1,-12,17,5,0,5,0,3,8,5,2023-09-11
AngelosK11,5,2,6,6,12,0,8,0,0,8,8,2023-09-02
am_pappas,1,2,73,33,106,0,5,3,0,8,8,2023-08-28
z750danoulis,5,2,1,8,9,0,7,0,1,8,7,2023-08-11
estet_lee_christopoulos,5,2,5,0,5,1,7,0,1,8,7,2024-02-03
am_pappas,1,2,72,34,106,0,5,3,0,8,8,2023-08-28
George_Valatsos,1,2,-4,17,13,1,2,1,5,8,3,2024-01-29
nk01,5,2,4,0,4,0,8,0,0,8,8,2024-03-07
mixaliste1,5,2,9,2,11,0,8,0,0,8,8,2023-12-09
Fotis best pilot,5,2,4,2,6,0,8,0,0,8,8,2023-12-06
Idomeneas_Koutsakis,5,2,5,3,8,1,8,0,0,8,8,2023-11-21
Lefteris_Fragiadakis,5,2,-2,15,13,0,8,0,0,8,8,2023-06-29
mixaliste1,5,2,9,1,10,0,8,0,0,8,8,2023-12-09
Fotis best pilot,5,2,4,1,5,0,8,0,0,8,8,2023-12-06
Idomeneas_Koutsakis,5,2,6,2,8,1,8,0,0,8,8,2023-11-21
Fotis best pilot,5,2,3,1,4,0,8,0,0,8,8,2023-12-06
Konstantinos_Kyritsis9529,4,1,1,0,1,0,6,0,2,8,6,2024-03-05
PanosP.,2,1,2,1,3,1,5,0,3,8,5,2023-12-20
sarinanike,5,2,3,0,3,0,7,0,1,8,7,2023-12-10
sonic_ultra,5,2,7,1,8,0,8,0,0,8,8,2023-11-27
thodwrhs1,5,2,21,0,21,0,8,0,0,8,8,2023-10-04
nm6512,3,0,-56,67,11,1,6,0,2,8,6,2023-09-22
pillbox,5,2,4,8,12,0,8,0,0,8,8,2023-08-02
acmilan,4,1,27,1,28,1,5,0,1,6,5,2023-10-12
stratus.stratus,2,1,1,0,1,0,0,2,2,4,2,2023-10-06
George_Galanis90,5,2,2,0,2,0,4,0,4,8,4,2022-12-01
theonipalli,4,1,4,0,4,0,5,2,1,8,7,2022-11-25
Sofia_Kortessi,5,2,4,0,4,1,7,0,0,7,7,2022-08-09
zurabik,1,2,2,0,2,0,0,8,0,8,8,2024-01-20
ptskaats,4,1,2,0,2,1,4,1,3,8,5,2023-10-24
dmspap,4,1,-1,3,2,0,7,1,0,8,8,2023-07-13
Zepi-Naria,5,2,2,1,3,1,8,0,0,8,8,2023-07-07
panos1971,2,1,0,1,1,0,3,0,2,5,3,2023-06-14
Iosif_Eyagelou,3,0,-2,3,1,0,1,5,2,8,6,2023-04-14
Al_Foosty,5,2,1,1,2,1,7,0,0,7,7,2023-02-28
κικος02,4,1,1,1,2,1,5,2,1,8,7,2023-02-21
PEPERMAN,5,2,-1,2,1,1,7,0,1,8,7,2023-02-15
Fiodor,5,2,1,2,3,1,7,0,1,8,7,2023-02-14
Morfis_Hyper,5,2,3,1,4,0,8,0,0,8,8,2023-02-04
tsoubas,5,2,-1,4,3,1,7,0,1,8,7,2023-01-05
theodore.sklavounos,2,1,-7,15,8,0,3,3,2,8,6,2022-12-14
Antriana_Mylona,3,0,-5,10,5,0,4,2,2,8,6,2022-12-11
neki.iris,4,1,1,3,4,1,6,2,0,8,8,2022-12-07
s.demesoukas,5,2,4,2,6,1,6,0,0,6,6,2022-12-06
SUPER_3,4,1,2,3,5,0,6,0,1,7,6,2022-11-17
alexis_mixal,5,2,10,3,13,0,5,0,0,5,5,2022-10-08
kitmi,5,2,10,0,10,0,7,0,1,8,7,2022-09-03
KONSTANTINOSTNIKAS,5,2,5,0,5,1,3,0,5,8,3,2022-08-29
Christos...,5,2,12,1,13,0,7,0,1,8,7,2022-08-12
paris_Tsolakides,5,2,26,5,31,0,6,0,2,8,6,2022-06-15
bill272,5,2,18,1,19,0,5,0,3,8,5,2022-05-23
ar3youb0redyet,3,0,4,6,10,0,3,0,3,6,3,2022-05-02
Theodosios_Kokkinos,5,2,18,3,21,0,5,0,3,8,5,2022-01-28
A. Mani,5,2,19,1,20,0,6,0,2,8,6,2022-01-10
cris_ilio,4,1,2,0,2,1,4,0,3,7,4,2022-12-13
Χριστίνα Σπυριδάκη,4,1,2,0,2,1,8,0,0,8,8,2022-12-13
micepapas9,3,0,-4,6,2,0,3,2,3,8,5,2022-11-16
vkkangel388,2,1,4,2,6,0,1,1,6,8,2,2022-10-11
Petros_Stathopoulos49,5,2,4,0,4,0,7,0,1,8,7,2022-06-04
rammosaggelos10,3,0,-3,7,4,1,0,4,4,8,4,2022-05-29
Frankxpome,3,0,1,1,2,1,4,1,2,7,5,2022-04-05
Makis_Mentis6055,5,2,-24,26,2,0,6,0,2,8,6,2022-02-24
Mike_123402,5,2,10,2,12,1,7,0,1,8,7,2022-01-09
giorghs_giorghs,4,1,14,3,17,1,1,0,6,7,1,2021-12-28
TAS_PAN,5,2,27,1,28,0,5,0,3,8,5,2021-12-09
Stathiss_s,3,0,-1,2,1,0,3,0,4,7,3,2023-07-24
SYMEON_PAPADANIIL,3,0,0,2,2,0,6,0,2,8,6,2023-03-14
Mario_Alia,2,1,-17,18,1,0,5,0,3,8,5,2022-11-29
Evan Agrap,4,1,6,1,7,0,5,0,3,8,5,2022-10-16
pasxalistsikrikas,5,2,34,1,35,0,8,0,0,8,8,2022-05-10
Antonis/techitnews,4,1,12,9,21,1,4,0,4,8,4,2022-04-25
EFSTATHIOS_GOUDOULAKIS,2,1,-4,14,10,0,2,3,3,8,5,2022-04-11
GIORGOS_CHAMALIDIS,5,2,2,0,2,0,7,0,0,7,7,2023-06-11
SYMEON_PAPADANIIL,2,1,4,0,4,0,4,2,2,8,6,2023-04-14
konstantinos197,5,2,0,2,2,1,7,0,1,8,7,2022-12-27
Loukisios_Loukos,5,2,3,1,4,0,8,0,0,8,8,2022-12-11
Vladimir_Derishev,5,2,12,0,12,1,8,0,0,8,8,2022-10-30
antonisss21,5,2,15,1,16,0,7,0,1,8,7,2022-03-13
konstantinia_papazoglou,4,1,1,0,1,0,8,0,0,8,8,2023-12-11
Alexia_Tsinikou,5,2,1,0,1,0,8,0,0,8,8,2023-06-23
Alan_Astir,4,1,1,0,1,0,6,0,2,8,6,2023-05-21
Agathi_T_,3,0,1,0,1,0,5,0,3,8,5,2023-04-19
SPSvarna_Top,3,0,1,1,2,0,4,0,4,8,4,2023-03-18
Giorgos_08,1,2,3,0,3,0,1,3,4,8,4,2023-03-01
kostasdeskos,4,1,0,1,1,0,1,1,5,7,2,2023-01-06
Nick_Nick14893,1,2,2,1,3,0,3,2,2,7,5,2023-01-05
George_Vvds,1,2,4,1,5,0,2,1,5,8,3,2023-01-03
Giota_Tsorou,1,2,1,4,5,0,2,6,0,8,8,2022-12-29
Gio_Mic,4,1,7,0,7,1,6,0,2,8,6,2022-08-16
stelios_salakos,5,2,6,1,7,0,5,0,1,6,5,2022-07-11
fotiadis_andr,5,2,5,0,5,0,6,0,1,7,6,2022-07-06
THANASIS_MPAKAS8195,2,1,-3,8,5,0,4,2,2,8,6,2022-07-04
nikos_ziavras,5,2,9,0,9,0,6,0,2,8,6,2022-06-22
nikos_xatzigeorgiadis3459,5,2,9,0,9,0,5,0,3,8,5,2022-06-16
dinosmichailo,1,2,15,4,19,0,7,0,1,8,7,2022-03-12
konstantinia_papazoglou,4,1,2,0,2,0,8,0,0,8,8,2023-12-11
Nick_Parass,3,0,2,0,2,0,5,0,3,8,5,2024-02-11
met24622,3,0,3,0,3,0,3,0,5,8,3,2024-02-06
Niki_Iliopoulou,2,1,1,2,3,0,2,6,0,8,8,2023-12-17
Athanasios_Hountras,2,1,0,1,1,0,2,4,2,8,6,2023-12-17
kostastaliadoros,5,2,1,0,1,1,5,0,1,6,5,2023-09-03
Zak ZPT,4,1,5,0,5,0,4,0,4,8,4,2023-05-24
Georgios_Raptis993,3,0,3,0,3,0,3,2,3,8,5,2023-04-22
ΜΙΧΑΛΗΣ-7,5,2,3,0,3,1,8,0,0,8,8,2023-04-17
geopasxmag,5,2,2,0,2,1,4,0,4,8,4,2023-04-09
Panos_Theo,4,1,-1,2,1,0,5,0,3,8,5,2023-03-15
tsiftsiskwnstantinos,1,2,-6,10,4,0,1,4,0,5,5,2023-03-15
semertzidisan,5,2,1,1,2,1,7,0,0,7,7,2023-03-14
antonisss21,5,2,3,1,4,0,6,0,2,8,6,2023-01-18
STRATOS_KARAKOUSIS,5,2,1,0,1,0,7,0,1,8,7,2022-12-25
savidis_pa,5,2,9,0,9,0,5,0,3,8,5,2022-10-15
Konstantinos_Tsoumas,5,2,7,0,7,0,6,0,2,8,6,2022-10-14
tagkalos_p,5,2,1,1,2,0,5,0,1,6,5,2022-10-13
georgilas.george,4,1,8,1,9,0,5,0,3,8,5,2022-09-13
alexiou 76,5,2,3,1,4,1,6,0,2,8,6,2022-08-30
Vagelhs_Mastrokostas,4,1,4,2,6,0,5,0,2,7,5,2022-07-26
Elpida_and_her_friends,4,1,4,2,6,0,7,0,1,8,7,2022-07-15
manian21,5,2,7,1,8,0,6,0,2,8,6,2022-07-04
Filippos Lianos,5,2,9,2,11,0,5,0,3,8,5,2022-06-19
bargian00,5,2,9,1,10,0,5,0,3,8,5,2022-06-15
dpoulos0000,5,2,3,0,3,1,8,0,0,8,8,2022-11-16
ΛΙΓΟ ΑΠ΄΄ ΟΛΑ,5,2,-2,7,5,0,6,1,0,7,7,2022-10-01
tepe.ala,5,2,8,1,9,0,8,0,0,8,8,2022-09-17
Antonis/techitnews,4,1,9,1,10,0,5,0,3,8,5,2023-12-19
StavrosKat12,5,2,7,1,8,0,8,0,0,8,8,2024-01-20
kostasskarakis,5,2,3,1,4,0,7,0,1,8,7,2024-01-15
Geo_Karne,3,0,-6,11,5,0,2,1,5,8,3,2024-01-11
therealpro21,3,0,-7,11,4,0,6,0,2,8,6,2024-01-02
georgietsakiri,5,2,14,0,14,0,8,0,0,8,8,2023-12-23
ANTONIOS_AAA,5,2,18,1,19,0,7,0,1,8,7,2023-12-02
Christina_Bella,5,2,25,3,28,0,8,0,0,8,8,2023-11-20
markos_tsiougris,4,1,17,2,19,0,3,0,0,3,3,2023-11-19
just for today,5,2,2,2,4,0,8,0,0,8,8,2024-01-17
CHaris_Karafyllidis6402,5,2,5,0,5,0,6,0,1,7,6,2023-11-19
Spiridoula_Gkika,5,2,1,0,1,1,8,0,0,8,8,2024-02-21
Olga_Theodoraki99,1,2,-3,4,1,0,2,4,2,8,6,2024-02-08
Xr_Ko,5,2,4,0,4,0,8,0,0,8,8,2023-12-25
kostasstamatiades3,5,2,5,0,5,0,8,0,0,8,8,2023-12-23
nominaki_tsara6069,5,2,3,0,3,1,7,0,1,8,7,2023-12-19
christman,3,0,1,0,1,0,4,1,1,6,5,2023-12-09
MsPapous_Theo,5,2,13,1,14,0,8,0,0,8,8,2023-09-01
LILA_CHATZIPANAGIOTI,1,2,-24,32,8,0,4,3,0,7,7,2023-06-30
vangelis_milonas,4,1,3,8,11,0,1,0,1,2,1,2023-06-12
antonisss21,5,2,14,4,18,0,7,0,1,8,7,2023-05-04
VASILEIOS_MPLETSOS503,2,1,6,3,9,0,4,2,2,8,6,2023-04-30
xxristina2003,1,2,-3,9,6,1,3,2,3,8,5,2023-04-28
CHristos_Gountakos,5,2,7,6,13,0,8,0,0,8,8,2023-04-16
i-F8,5,2,6,3,9,0,8,0,0,8,8,2023-03-27
Antonis/techitnews,3,0,-5,16,11,0,3,0,5,8,3,2023-03-13
Olga_Theodoraki99,1,2,-4,4,0,0,2,4,2,8,6,2024-02-08
MsPapous_Theo,5,2,12,1,13,0,8,0,0,8,8,2023-09-01
vangelis_milonas,4,1,2,8,10,0,1,0,1,2,1,2023-06-12
antonisss21,5,2,12,4,16,0,7,0,1,8,7,2023-05-04
CHristos_Gountakos,5,2,6,6,12,0,8,0,0,8,8,2023-04-16
i-F8,5,2,5,3,8,0,8,0,0,8,8,2023-03-27
Antonis_Georgiadis7212,1,2,0,1,1,0,0,6,2,8,6,2024-02-19
parou1979,3,0,2,0,2,0,3,0,5,8,3,2024-01-16
Mr Sun0065,4,1,2,0,2,0,6,0,2,8,6,2024-01-02
katerina1991,1,2,1,3,4,0,0,6,2,8,6,2023-09-22
Petros_Andronakis,5,2,8,0,8,0,4,2,2,8,6,2023-08-17
Anonymi_Panagiota,5,2,6,0,6,0,8,0,0,8,8,2023-08-02
antony_ath,1,2,-3,6,3,0,0,6,2,8,6,2023-06-24
i-F8,5,2,12,1,13,0,7,0,0,7,7,2023-04-11
Mr Sun0065,4,1,1,0,1,0,7,0,1,8,7,2024-01-02
i-F8,5,2,3,1,4,0,8,0,0,8,8,2023-06-18
I_I59,1,2,-2,3,1,0,0,0,0,0,0,2023-11-26
Geez7,5,2,3,0,3,0,6,0,2,8,6,2023-11-04
I_I59,1,2,1,3,4,0,0,0,0,0,0,2023-09-21
Andriana_Pantazi8334,5,2,3,0,3,0,8,0,0,8,8,2023-11-11
Michalis_Vele,4,1,5,0,5,0,6,0,2,8,6,2024-01-22
antonisss21,5,2,6,0,6,0,7,0,1,8,7,2023-07-03
Γιώργος_Δ,2,1,1,0,1,0,2,1,2,5,3,2023-10-11
Nikoleta_Kleanthous,3,0,1,1,2,0,2,0,1,3,2,2023-12-10
markostes,1,2,-4,5,1,0,0,8,0,8,8,2023-04-21
hurricane_ac,4,1,0,0,0,1,5,0,3,8,5,2023-03-22
Gustrik,4,1,0,0,0,1,4,2,2,8,6,2023-02-21
AntMyst,5,2,0,0,0,0,6,0,2,8,6,2023-02-17
ANASTASIOS_PAPADIMITRIOU,4,1,3,2,5,0,6,0,0,6,6,2022-10-26
dim16dim,5,2,5,0,5,1,5,0,0,5,5,2022-08-30
terryman333,4,1,14,1,15,0,4,2,2,8,6,2021-10-06
Πασκουαλ,4,1,1,6,7,0,3,3,2,8,6,2021-07-24
i76pap,5,2,8,0,8,0,6,0,2,8,6,2021-06-08
d1a,4,1,13,0,13,0,6,2,0,8,8,2021-04-09
Thodoros_Tepetidis,5,2,7,0,7,0,6,0,2,8,6,2021-02-21
tasosche,3,0,1,0,1,1,1,1,3,5,2,2024-01-20
konaky,5,2,1,0,1,1,5,0,0,5,5,2023-11-27
n_Antonis,4,1,4,0,4,0,4,0,1,5,4,2023-06-02
Nikos_Nizamis,4,1,0,0,0,1,5,0,1,6,5,2024-02-26
marios_patrikos,1,2,0,0,0,0,6,1,1,8,7,2024-02-20
Υψηλάντης Σταύρος,1,2,0,3,3,0,0,1,0,1,1,2023-09-22
lefteriss,3,0,-1,1,0,0,0,4,4,8,4,2023-06-15
doukas_aris,4,1,0,0,0,0,2,1,5,8,3,2021-06-21
nektariosgr,2,1,3,2,5,0,4,0,2,6,4,2019-07-08
Papagiannopoulos_Spyros,1,2,3,3,6,0,2,3,3,8,5,2018-09-12
Dimitris Verlis,1,2,3,5,8,0,0,8,0,8,8,2018-05-20
Simoults,1,2,4,3,7,0,3,2,3,8,5,2018-02-04
unmei,5,2,12,3,15,0,6,0,2,8,6,2017-10-31
tasosc98,5,2,2,0,2,1,5,1,2,8,6,2024-01-15
Angelos_Trampas,4,1,3,0,3,1,6,0,1,7,6,2023-11-10
Kuriakos_Alexakis,5,2,-1,5,4,0,8,0,0,8,8,2023-08-10
Nick_Karaman131,5,2,0,0,0,1,8,0,0,8,8,2024-03-13
jsap,5,2,-1,1,0,1,4,0,4,8,4,2024-02-20
Dimitris_Leon79,3,0,-1,1,0,0,6,1,1,8,7,2024-02-18
gesavet,3,0,-1,1,0,1,7,0,1,8,7,2024-02-13
olga_lefter,4,1,-1,1,0,1,5,0,2,7,5,2024-01-18
giordos_chatzidimou,5,2,3,1,4,0,8,0,0,8,8,2024-01-03
mkordellas,1,2,-3,8,5,1,7,1,0,8,8,2023-12-04
John.,2,1,0,1,1,0,1,0,0,1,1,2023-02-21
ΓΙΩΡΓΟΣ,5,2,8,1,9,0,6,0,2,8,6,2022-09-25
Katia_Ts1152,2,1,-4,6,2,1,0,2,6,8,2,2022-08-11
Leyteris_Kargakis,1,2,1,3,4,0,2,2,4,8,4,2022-05-16
chanopoulosval,5,2,4,2,6,0,5,1,2,8,6,2022-05-01
Vasilis_Alpha,5,2,5,0,5,0,7,0,1,8,7,2021-12-29
EMMANOUIL_MAKRINAKIS,1,2,-4,10,6,0,5,2,0,7,7,2021-08-11
Ilias123456,5,2,5,2,7,0,7,0,1,8,7,2021-07-21
menziltzoglou,4,1,5,6,11,0,6,0,2,8,6,2021-06-24
g.arampas,5,2,8,3,11,0,8,0,0,8,8,2021-02-17
Stamatis_Kaloyannidis,1,2,0,1,1,1,0,2,6,8,2,2024-01-28
Symeon_Giakoumis,5,2,-1,3,2,0,6,0,1,7,6,2023-08-22
manos.papadimitropoulos,2,1,2,3,5,1,2,1,5,8,3,2023-05-25
leo99,5,2,-1,2,1,0,8,0,0,8,8,2023-05-05
Alexandros_Alexandridis6714,3,0,0,1,1,0,7,0,1,8,7,2023-03-29
IOANNIS_MPOULASIKIS,3,0,-1,2,1,1,1,1,6,8,2,2023-01-31
Giorgos_Nikou1363,3,0,0,3,3,0,4,0,4,8,4,2022-12-01
Alex Kamp,4,1,-3,3,0,1,2,1,5,8,3,2022-11-30
Xristos_Bmp,3,0,3,2,5,0,3,0,5,8,3,2022-08-23
ploutarhos_parl,5,2,2,3,5,1,8,0,0,8,8,2022-08-08
georgemissikos1,3,0,8,12,20,0,4,0,4,8,4,2022-02-13
Archontis_Michailidis,3,0,-45,52,7,0,5,0,3,8,5,2021-11-27
psiloulisgeorge,3,0,12,3,15,1,3,0,5,8,3,2021-09-27
Rugged_Phones___Smartphones_Te,1,2,-1,8,7,0,7,0,1,8,7,2021-12-11
garfiglio,5,2,4,0,4,0,8,0,0,8,8,2021-11-07
Χρίστος 76,5,2,12,0,12,1,8,0,0,8,8,2021-06-26
john_john27,3,0,3,0,3,0,4,1,3,8,5,2020-09-07
iandgipsy,4,1,8,0,8,0,7,0,1,8,7,2018-12-17
xristosgar,3,0,5,1,6,1,2,3,3,8,5,2018-08-11
Peter_Math,4,1,1,0,1,1,3,1,2,6,4,2023-08-22
Alex 13Β,3,0,2,0,2,0,2,3,3,8,5,2023-07-06
stevez_stayros6712,3,0,4,3,7,0,4,0,3,7,4,2022-03-22
GregPanDRC,3,0,0,0,0,1,6,0,2,8,6,2023-12-28
panos.p,5,2,3,0,3,0,6,0,2,8,6,2023-07-17
leo99,5,2,5,0,5,0,8,0,0,8,8,2023-04-18
rafaldobosz47,5,2,5,1,6,0,7,0,1,8,7,2023-03-28
miltiadis.rigopoulos,1,2,6,4,10,0,1,5,2,8,6,2023-03-11
giorgos_theodorakis55,5,2,0,0,0,1,6,0,0,6,6,2024-02-06
Thodoris_Spertos,1,2,2,0,2,1,0,4,3,7,4,2023-12-07
Thprekas,5,2,1,0,1,1,0,0,0,0,0,2023-11-25
Lilly_Ath,4,1,2,0,2,1,7,0,1,8,7,2023-10-19
teos.kokkis,5,2,3,0,3,1,8,0,0,8,8,2023-10-08
Stefan_Chagidimoglou,5,2,2,0,2,1,7,0,1,8,7,2022-11-08
GiorgosNem,5,2,2,1,3,1,3,0,1,4,3,2022-01-12
xrysa_boubou,5,2,4,0,4,0,7,0,1,8,7,2022-01-07
ksiptis,3,0,0,0,0,0,1,0,2,3,1,2021-12-01
Nikos_Nizamis,4,1,3,0,3,0,4,1,3,8,5,2021-11-07
Ioannis_Spetseris,1,2,2,4,6,0,2,1,5,8,3,2021-09-27
tasos_mentis,2,1,1,4,5,0,2,1,5,8,3,2021-03-18
zchps_ovnm,3,0,1,1,2,0,4,0,3,7,4,2021-03-14
Nestoras_Megas,4,1,-2,4,2,1,5,1,0,6,6,2021-03-09
paei.o.nikofski,5,2,4,0,4,0,6,0,2,8,6,2021-03-03
Stefanos_Kourelis,3,0,0,3,3,0,3,2,2,7,5,2021-02-11
olankim,5,2,2,0,2,1,8,0,0,8,8,2021-02-09
ezabetakis,1,2,3,0,3,1,2,4,2,8,6,2021-01-24
Spyros_Markoulis,4,1,0,0,0,1,5,0,3,8,5,2023-11-07
Hellman_s_Ketchup,1,2,-4,4,0,0,0,3,5,8,3,2023-11-02
vasileiou_m,5,2,2,0,2,0,8,0,0,8,8,2023-02-27
despsaraevel,5,2,0,0,0,1,7,0,0,7,7,2022-11-22
Γιάννης Τσι,1,2,-2,3,1,0,1,4,3,8,5,2022-08-10
Louis_Louras,5,2,1,1,2,0,6,0,2,8,6,2022-06-18
Kostas_Papafotis,2,1,-3,4,1,0,2,3,2,7,5,2022-04-02
Dimitri_Maniatopoulos,5,2,5,1,6,1,7,0,1,8,7,2022-01-11
ΧΣΣ,5,2,4,1,5,0,7,0,1,8,7,2021-12-19
kyriakos_tsn,4,1,1,1,2,0,5,0,3,8,5,2021-11-28
gnot,4,1,2,1,3,0,4,0,4,8,4,2021-09-17
spiros_varveris,5,2,7,0,7,0,8,0,0,8,8,2021-07-20
Panagiotis_Koutropoulos3107,5,2,7,0,7,0,7,0,1,8,7,2021-06-14
Evi_Zerlenti22,2,1,-3,6,3,1,3,0,5,8,3,2021-05-21
evrosriver,5,2,2,0,2,0,8,0,0,8,8,2020-12-28
lambrdimas,1,2,4,3,7,0,0,5,3,8,5,2023-12-24
George z731,5,2,1,1,2,0,8,0,0,8,8,2023-12-17
Vagelis_Georgiou3073,1,2,-1,6,5,0,2,4,2,8,6,2023-11-09
jamaikoulas,5,2,5,3,8,1,8,0,0,8,8,2023-10-18
periklas723,5,2,6,1,7,0,6,0,2,8,6,2023-09-24
afoi_emmanouilidi_o_e_,5,2,3,1,4,1,6,0,1,7,6,2023-09-07
Dimitris_Petsos7809,1,2,0,0,0,1,1,2,5,8,3,2024-03-10
John_Varsamas,5,2,10,1,11,1,5,1,2,8,6,2023-02-05
FOTIOS_ILIADIS,4,1,4,2,6,0,4,0,4,8,4,2022-12-01
mike_mike58,4,1,0,4,4,1,6,0,2,8,6,2022-07-15
gsx400fs,5,2,5,1,6,1,7,0,1,8,7,2022-05-19
jimthrylara,5,2,6,2,8,0,8,0,0,8,8,2022-05-02
Georgios_Drymonis,5,2,5,1,6,0,8,0,0,8,8,2022-03-31
Zisis_Paparis,3,0,-4,13,9,0,3,1,4,8,4,2022-02-06
Giannis_Kanellos,4,1,11,1,12,0,7,0,0,7,7,2022-01-26
giannisiw,4,1,4,3,7,0,4,2,2,8,6,2021-12-24
ANTONIS_MARAKIS646,4,1,4,0,4,1,8,0,0,8,8,2023-09-26
chousein_isa_oglou,5,2,6,1,7,0,8,0,0,8,8,2022-11-06
pantazis668507,3,0,4,2,6,0,3,2,3,8,5,2022-08-23
john9678,5,2,0,2,2,1,4,0,4,8,4,2022-04-29
kostasnitro,4,1,4,2,6,1,5,0,3,8,5,2022-01-02
spiropari,5,2,1,0,1,1,8,0,0,8,8,2023-11-08
Spidey1,1,2,2,1,3,1,3,2,3,8,5,2023-09-19
Kostas_Abs,5,2,-1,4,3,1,7,0,1,8,7,2023-07-04
leo99,3,0,7,0,7,0,6,1,1,8,7,2023-05-03
mixalis koubaros,5,2,3,0,3,0,8,0,0,8,8,2023-09-15
mixalis koubaros,5,2,6,0,6,0,8,0,0,8,8,2023-10-01
giorgios_Papa,4,1,-2,3,1,0,7,0,1,8,7,2024-01-30
npetros,5,2,9,1,10,1,7,0,0,7,7,2023-11-28
VALANTIS_PAPA,5,2,3,0,3,0,6,0,2,8,6,2022-02-15
Le_paris,5,2,-1,1,0,0,8,0,0,8,8,2024-02-23
Dimosthenis_Vodentsis,5,2,2,1,3,1,8,0,0,8,8,2023-03-07
Nikos_Nikos1569205854,5,2,-1,3,2,0,8,0,0,8,8,2022-10-19
Dimitris_Kakiris,5,2,5,9,14,1,7,0,1,8,7,2022-05-30
ABT_L_ONT_LI,2,1,3,4,7,0,7,1,0,8,8,2024-01-01
kostaskyp,5,2,7,0,7,0,8,0,0,8,8,2023-12-31
giannis_sarantis,5,2,2,1,3,0,8,0,0,8,8,2023-12-13
Τακηε1972,5,2,2,0,2,0,8,0,0,8,8,2023-12-13
ntinos_kafes,5,2,2,1,3,0,8,0,0,8,8,2023-12-13
kostas_kores,5,2,0,0,0,0,8,0,0,8,8,2023-12-09
SFANOURA,5,2,8,0,8,1,8,0,0,8,8,2023-11-10
kos-greece,5,2,-3,8,5,1,8,0,0,8,8,2023-10-02
vasilis79,5,2,6,3,9,0,8,0,0,8,8,2023-10-02
aidinidi,5,2,1,3,4,0,8,0,0,8,8,2023-09-22
alexglts,5,2,4,1,5,1,6,0,2,8,6,2023-09-05
liaggeo,5,2,8,4,12,1,8,0,0,8,8,2023-08-08
tfonias,5,2,6,1,7,1,6,0,2,8,6,2023-07-04
Mary Long,5,2,21,3,24,1,7,0,0,7,7,2023-05-23
Antonis/techitnews,4,1,-19,25,6,0,6,0,2,8,6,2023-05-04
AlMaStNi,5,2,8,6,14,0,8,0,0,8,8,2023-05-02
-NoLimits-,5,2,8,0,8,0,6,2,0,8,8,2022-10-31
Antonis/techitnews,4,1,10,1,11,0,3,0,5,8,3,2022-05-24
ItsOnlySkillz_Bigfan_21,3,0,0,0,0,0,5,0,3,8,5,2024-01-28
i76pap,5,2,0,0,0,0,8,0,0,8,8,2023-10-16
Eva_Koulaki,3,0,-1,1,0,0,4,1,3,8,5,2023-10-01
mpiskoto_2ndchanel,5,2,0,0,0,0,8,0,0,8,8,2023-09-29
Ioannis_Diamantidis1436,4,1,-15,15,0,1,7,0,1,8,7,2023-06-20
Kostas21origina,3,0,1,1,2,0,2,0,5,7,2,2023-06-16
Ilias_Delidimou,1,2,-16,16,0,0,6,0,2,8,6,2023-06-09
rebelos52,5,2,-2,3,1,0,6,0,2,8,6,2023-05-15
jimfwfw1,5,2,0,2,2,0,6,0,2,8,6,2023-04-01
GiorgosGSRX,5,2,-1,2,1,0,7,0,1,8,7,2023-03-30
nikos.sarlacher,5,2,4,4,8,0,6,0,1,7,6,2023-03-22
Efi_Dio,5,2,2,2,4,0,7,0,1,8,7,2023-03-22
George_Kakos25,5,2,1,2,3,0,7,0,1,8,7,2023-02-14
Diamantis_Harison,5,2,0,2,2,0,8,0,0,8,8,2023-01-20
Nikos_mistirio,5,2,1,2,3,0,7,0,1,8,7,2022-11-29
Mobitop_Team,5,2,3,1,4,0,8,0,0,8,8,2022-12-16
Athanasiadis_Ioannis,5,2,7,1,8,0,8,0,0,8,8,2022-11-25
Ioannis_Angelopoulos,3,0,-5,8,3,1,6,1,1,8,7,2022-11-15
katerina s.,5,2,15,2,17,0,6,0,1,7,6,2022-10-05
mikrospanther,5,2,11,2,13,0,8,0,0,8,8,2022-08-23
vas60,5,2,2,4,6,0,7,0,0,7,7,2022-08-04
Zisis_Konstantinou71,4,1,3,8,11,0,8,0,0,8,8,2022-08-04
Alex_Skarl,4,1,4,2,6,0,7,0,1,8,7,2022-07-20
maria.kr,2,1,-6,18,12,0,3,2,3,8,5,2022-07-19
PETER_PAP,4,1,11,1,12,0,7,0,1,8,7,2022-07-17
Antonis/techitnews,4,1,10,3,13,0,8,0,0,8,8,2022-05-24
Geo_Karne,4,1,1,0,1,0,6,0,2,8,6,2023-11-13
Drelena69,5,2,4,0,4,0,8,0,0,8,8,2023-07-09
Raptoras,4,1,-4,5,1,0,5,0,0,5,5,2023-04-02
ilias_kommas,5,2,6,2,8,1,4,0,4,8,4,2023-01-21
Antonis/techitnews,4,1,25,1,26,1,4,0,4,8,4,2022-06-12
Annie_Chirtoglou,1,2,0,0,0,1,1,6,1,8,7,2024-03-04
spyrosmaurokefalos12,3,0,3,0,3,0,4,1,3,8,5,2018-12-22
g.stamatiadis,1,2,8,0,8,0,0,6,2,8,6,2017-10-27
TT_GAMER,3,0,-4,6,2,0,6,1,1,8,7,2017-06-29
moulis_geo,5,2,2,0,2,0,7,0,1,8,7,2024-01-24
giannis_gouletas,2,1,-1,1,0,0,4,1,3,8,5,2024-01-18
mm14021987,3,0,0,1,1,0,2,4,2,8,6,2024-01-15
AK_Styles,5,2,4,0,4,0,8,0,0,8,8,2023-11-23
panagiotis_vasilellis,1,2,0,2,2,0,4,2,1,7,6,2023-11-13
CHRISTOS_ARONIS,4,1,0,0,0,0,6,1,1,8,7,2023-10-24
par1105,4,1,2,0,2,0,6,0,2,8,6,2023-10-19
Nikiforos_Tsilis,2,1,-2,4,2,0,0,7,1,8,7,2023-09-30
eleni.stamatelou1,5,2,0,0,0,0,6,0,2,8,6,2023-08-11
eliskroutz21,4,1,1,0,1,0,5,1,2,8,6,2023-07-24
vasvas05,5,2,3,0,3,0,7,0,1,8,7,2023-04-30
Maria_Daniil,3,0,-2,9,7,0,4,0,4,8,4,2023-02-05
Aleksi_Triatafilos,4,1,-7,9,2,0,5,0,3,8,5,2023-01-28
stavnet,5,2,3,0,3,0,7,0,1,8,7,2023-01-23
Giannis_Sak1283,3,0,-4,8,4,0,2,1,5,8,3,2023-01-17
telispvld,2,1,-22,25,3,0,4,2,2,8,6,2022-12-26
Spy_D,1,2,-15,18,3,0,3,2,3,8,5,2022-12-23
irene20timoleon,5,2,-1,3,2,1,7,0,1,8,7,2022-11-15
ZiouZitsouu,3,0,-1,3,2,0,7,0,1,8,7,2022-11-12
manolio87,5,2,1,1,2,0,8,0,0,8,8,2022-11-10
kelly_papadaki,4,1,-1,1,0,0,6,0,2,8,6,2022-11-05
lostinkarditsa,4,1,-1,2,1,1,6,0,2,8,6,2022-09-26
shotcon,4,1,0,1,1,1,4,0,3,7,4,2022-09-17
mitsos_ael__keep_the_faith,4,1,1,1,2,0,6,0,2,8,6,2022-09-17
DIMITRIS_FLENTZERIS,3,0,-3,5,2,0,6,1,1,8,7,2022-08-01
panagiotis.dimitropoulos.319,1,2,-16,18,2,0,4,2,2,8,6,2022-07-31
Petros_Kechagias,5,2,-1,2,1,1,7,0,1,8,7,2022-07-27
moulis_geo,5,2,3,0,3,0,7,0,1,8,7,2024-01-24
andreas_kalt_,5,2,3,0,3,0,8,0,0,8,8,2024-02-10
lefteris78,5,2,7,0,7,0,8,0,0,8,8,2024-01-04
THodoris_Kolokotronis3062,5,2,8,0,8,0,8,0,0,8,8,2023-09-14
pavlos_fotiadis,5,2,6,0,6,1,8,0,0,8,8,2023-09-07
Mike_Pedia,1,2,-14,19,5,0,0,4,4,8,4,2023-07-29
Stelios.M,5,2,5,0,5,1,8,0,0,8,8,2023-06-07
skorosk,3,0,-6,6,0,1,5,0,3,8,5,2023-04-24
Gia.,4,1,4,1,5,0,5,0,3,8,5,2023-03-29
Andre_Pepe,3,0,-6,6,0,0,5,1,2,8,6,2023-03-08
Erdem_Sirak,5,2,-7,13,6,1,8,0,0,8,8,2023-02-28
dmantzwros,5,2,17,0,17,0,8,0,0,8,8,2023-01-31
kos panos,2,1,-12,14,2,0,5,1,2,8,6,2023-01-31
giwrgos_vassos,5,2,4,1,5,1,8,0,0,8,8,2023-01-03
Vassilis_Koronis,5,2,16,3,19,0,8,0,0,8,8,2022-11-23
Nikolaos_Foutsitzoglou,5,2,8,0,8,0,8,0,0,8,8,2022-11-14
Velisarios St,5,2,3,1,4,0,7,0,1,8,7,2022-11-02
CHristos_Petsopoulos66,5,2,7,0,7,1,8,0,0,8,8,2022-10-26
anagelidou,5,2,9,1,10,0,7,0,1,8,7,2022-10-18
Nikitas_Antonakis,4,1,3,0,3,0,7,0,1,8,7,2022-10-10
DESPOINA_ASLANIDOU36,4,1,3,0,3,1,6,0,2,8,6,2022-09-24
timoros_an_xreiastei,3,0,1,8,9,0,0,0,0,0,0,2022-09-23
Kosmas_Alexop,5,2,14,0,14,0,8,0,0,8,8,2022-09-02
tasosbit,3,0,-4,5,1,1,6,0,2,8,6,2022-08-19
Katerina_Sandrou,2,1,-36,38,2,0,6,2,0,8,8,2022-08-06
vasilis79,5,2,8,2,10,0,8,0,0,8,8,2022-08-04
Mike_Pedia,1,2,-15,19,4,0,0,4,4,8,4,2023-07-29
Andre_Pepe,3,0,-5,5,0,0,5,1,2,8,6,2023-03-08
kos panos,2,1,-11,13,2,0,5,1,2,8,6,2023-01-31
nektariosgr,5,2,2,0,2,0,6,0,2,8,6,2023-09-16
Georgios__,5,2,5,1,6,1,6,0,2,8,6,2023-08-08
THeodoros_Stravolemos,4,1,-6,6,0,0,2,2,3,7,4,2023-08-02
eirianna_rentzou,1,2,-24,26,2,0,2,3,3,8,5,2023-07-24
Henri Koci,5,2,5,0,5,0,8,0,0,8,8,2023-07-22
thanasis.fliatouras,5,2,2,0,2,0,8,0,0,8,8,2023-06-03
alexandrakis_photography,5,2,8,0,8,0,6,0,2,8,6,2023-04-23
djdimimc,5,2,7,0,7,1,6,0,1,7,6,2023-04-20
Kl_Mp,3,0,-30,30,0,0,4,0,3,7,4,2023-03-19
THANOS_MIH,3,0,-17,19,2,0,7,0,1,8,7,2023-03-16
Chriss-Degrece,5,2,10,0,10,1,8,0,0,8,8,2023-03-16
christossarh,5,2,8,0,8,1,8,0,0,8,8,2023-03-08
studio54gr,5,2,4,1,5,1,8,0,0,8,8,2023-02-22
Nick56k,5,2,1,1,2,0,7,0,1,8,7,2023-02-22
tas_tas44,5,2,2,0,2,0,8,0,0,8,8,2023-02-21
George_Divis,3,0,-6,8,2,0,4,0,4,8,4,2023-02-19
tselepidis1981,5,2,1,1,2,0,6,0,2,8,6,2023-02-16
harontasgh,5,2,1,1,2,1,8,0,0,8,8,2023-02-14
Mpamphs_Menippos,4,1,0,2,2,0,7,0,1,8,7,2023-02-12
g_l_1966,5,2,14,1,15,0,8,0,0,8,8,2023-02-05
Cristian_Mr,4,1,3,2,5,1,7,1,0,8,8,2023-02-04
luckyG7,3,0,-10,12,2,0,7,0,1,8,7,2023-02-04
sotkon79,5,2,18,0,18,0,8,0,0,8,8,2023-01-23
Anna_Filotheidou,2,1,-36,38,2,1,4,3,1,8,7,2023-01-11
fefita13,2,1,-14,19,5,0,4,2,2,8,6,2022-12-28
Mat_Mat,5,2,1,0,1,0,8,0,0,8,8,2022-12-13
Thanos_Mantanis,5,2,1,0,1,0,7,0,1,8,7,2024-03-16
Panagiotis8711,5,2,1,0,1,1,5,0,3,8,5,2024-02-20
George_Matrozos,5,2,2,0,2,0,8,0,0,8,8,2024-02-06
tzar,5,2,12,0,12,0,7,0,1,8,7,2023-10-29
F.L.S.,4,1,2,0,2,1,6,0,2,8,6,2023-10-26
Αλέξανδρος_ Σταματόπουλος,5,2,4,0,4,0,7,0,1,8,7,2023-10-20
paylos_ch,5,2,7,0,7,0,7,0,1,8,7,2023-10-19
Panos.Benetis,4,1,0,2,2,0,8,0,0,8,8,2023-10-12
[email protected],2,1,-11,13,2,1,3,2,3,8,5,2023-10-11
jpapapageorgiou,5,2,6,0,6,0,1,0,0,1,1,2023-10-11
georgegalanakis23,1,2,-11,19,8,0,2,1,5,8,3,2023-09-02
Kostas_Maggioros,4,1,5,3,8,0,7,1,0,8,8,2023-07-25
thomas_sarakapinas,2,1,-33,37,4,0,6,2,0,8,8,2023-06-19
[email protected],4,1,4,2,6,1,7,0,1,8,7,2023-05-30
gkalampalikis644,1,2,-20,25,5,0,1,4,3,8,5,2023-05-05
vsvaggelis,3,0,-16,26,10,0,2,4,2,8,6,2023-04-28
Quantum Ordinance,4,1,15,3,18,1,7,0,1,8,7,2023-04-14
CaptainMike93,5,2,6,4,10,0,7,0,1,8,7,2023-04-11
Bob_Robinson,5,2,2,3,5,0,8,0,0,8,8,2023-03-16
xouzouris85,1,2,-21,30,9,0,5,2,1,8,7,2023-02-20
Volcom_StoneD,1,2,-12,16,4,0,0,3,5,8,3,2023-01-24
vittolo923,5,2,8,3,11,1,7,0,1,8,7,2023-01-04
vasilismaramis4,5,2,5,1,6,0,6,0,2,8,6,2023-01-02
tzar,5,2,11,0,11,0,7,0,1,8,7,2023-10-29
Quantum Ordinance,4,1,14,3,17,1,7,0,1,8,7,2023-04-14
Konstantinos_Kapotas,4,1,-9,18,9,0,0,0,0,0,0,2023-01-01
georgegalanakis23,1,2,-10,18,8,0,2,1,5,8,3,2023-09-02
Walter_White_Cock_gaming,5,2,0,0,0,0,7,0,1,8,7,2024-03-13
LilyVale,5,2,1,0,1,1,8,0,0,8,8,2024-03-07
dionisios_orfanos,5,2,0,0,0,1,7,0,1,8,7,2024-02-27
Philip_Tsortanidis,5,2,2,0,2,0,5,0,3,8,5,2024-01-20
SergiosNopi,4,1,1,0,1,1,7,0,1,8,7,2023-12-26
chrisa58,4,1,2,0,2,1,8,0,0,8,8,2023-12-20
MICHAEL_KAKOULIS,4,1,4,0,4,1,7,0,1,8,7,2023-10-31
Nikos_Boutzoukakis,4,1,1,1,2,0,6,0,2,8,6,2023-09-17
_DIO,3,0,-9,11,2,1,4,0,4,8,4,2023-07-20
nikos_papas14,2,1,-6,13,7,0,0,0,0,0,0,2023-07-01
naibe,4,1,3,1,4,1,6,0,2,8,6,2023-05-16
klea85,4,1,5,0,5,1,7,0,1,8,7,2023-05-06
vplitsis,5,2,2,2,4,1,7,0,1,8,7,2023-03-07
xrhstosath,5,2,1,1,2,0,8,0,0,8,8,2023-02-08
nikos_pigo,5,2,6,0,6,0,8,0,0,8,8,2023-01-31
Sokratis_Rizos,5,2,3,0,3,0,8,0,0,8,8,2023-01-22
John.volos.1978,5,2,2,0,2,1,8,0,0,8,8,2023-01-19
garyfalliatsel,4,1,4,0,4,0,8,0,0,8,8,2022-12-31
LilyVale,5,2,0,0,0,1,8,0,0,8,8,2024-03-07
MICHAEL_KAKOULIS,4,1,3,0,3,1,7,0,1,8,7,2023-10-31
Nikos_Boutzoukakis,4,1,0,1,1,0,6,0,2,8,6,2023-09-17
_DIO,3,0,-7,9,2,1,4,0,4,8,4,2023-07-20
nikos_papas14,2,1,-5,12,7,0,0,0,0,0,0,2023-07-01
klea85,4,1,4,0,4,1,7,0,1,8,7,2023-05-06
nikos_pigo,5,2,5,0,5,0,8,0,0,8,8,2023-01-31
Sokratis_Rizos,5,2,2,0,2,0,8,0,0,8,8,2023-01-22
John.volos.1978,5,2,1,0,1,1,8,0,0,8,8,2023-01-19
Alexandros_Argyroudis,5,2,1,0,1,0,0,0,0,0,0,2024-03-15
Alexis Maniatakis,5,2,2,1,3,0,6,0,2,8,6,2023-07-16
petrosf17,3,0,-3,5,2,0,6,1,1,8,7,2023-06-09
MotoGP_RepsolRcv1000cc28,5,2,6,0,6,0,6,1,0,7,7,2023-04-14
Eyuri,2,1,31,11,42,0,6,2,0,8,8,2023-02-17
Stayros_Tsimachidis,3,0,-26,34,8,0,4,2,2,8,6,2022-11-13
kostaspap3,5,2,3,3,6,1,7,0,1,8,7,2022-11-08
steliosm07,5,2,4,2,6,0,7,0,1,8,7,2022-10-20
Mel__Kehas_,4,1,0,8,8,0,6,0,2,8,6,2022-09-29
nedosfp,5,2,23,2,25,1,8,0,0,8,8,2022-08-19
theochrys,3,0,-25,60,35,0,2,2,4,8,4,2022-07-08
triantafullos_christoforid1671,3,0,-21,44,23,0,3,3,2,8,6,2022-06-23
Nikos kok,4,1,38,4,42,1,7,0,1,8,7,2022-06-10
Vasilis_Kalafatis3381,3,0,-90,105,15,0,2,2,4,8,4,2022-05-21
scorpio40,5,2,-9,17,8,0,7,0,1,8,7,2022-05-08
Emmanouil_Karamoutis,5,2,1,36,37,0,7,1,0,8,8,2022-05-04
George_M44,3,0,0,21,21,0,4,2,2,8,6,2022-05-04
Pasxalis_Rou,3,0,-59,71,12,1,6,0,2,8,6,2022-04-30
Spiros_Pavouris,5,2,10,10,20,0,8,0,0,8,8,2022-04-23
FOTIS_MESIAKARIS,5,2,-1,8,7,0,8,0,0,8,8,2022-04-22
Petr,3,0,-1,2,1,0,7,0,1,8,7,2023-11-20
Grigoris_Polychronakis,5,2,-5,6,1,1,8,0,0,8,8,2023-09-03
nik0skaravas,3,0,-1,4,3,0,5,1,2,8,6,2023-06-22
GeorgeM97,5,2,2,0,2,0,7,0,1,8,7,2023-06-12
nikolara74,2,1,-8,11,3,0,0,4,4,8,4,2023-04-26
Ilektra_Simitsi,4,1,2,0,2,1,6,1,1,8,7,2023-04-04
Michalis_Koumides,4,1,-2,3,1,1,7,1,0,8,8,2023-03-09
christinaki_pl,5,2,11,0,11,0,8,0,0,8,8,2023-03-01
kwstas_asargiwtakis,4,1,0,2,2,1,5,0,3,8,5,2023-02-21
dnidefix,4,1,8,0,8,1,6,0,2,8,6,2023-01-31
thrasyvouloskostopoulos,5,2,15,1,16,0,7,0,0,7,7,2023-01-29
Nata_Soula,5,2,5,0,5,0,2,0,0,2,2,2022-12-30
katerinaglynou,3,0,-4,8,4,0,7,1,0,8,8,2022-12-29
JB007,3,0,-10,16,6,1,7,1,0,8,8,2022-12-03
Giorgos_Gavriilidis11,5,2,17,1,18,0,8,0,0,8,8,2022-11-01
Sotiris_Lamp,5,2,21,1,22,0,8,0,0,8,8,2022-10-23
PetrosKasa,3,0,-1,2,1,0,7,0,1,8,7,2023-11-20
sotiris_mouratis,5,2,0,0,0,0,6,1,1,8,7,2023-12-10
Tolis1980,3,0,-3,6,3,0,6,1,1,8,7,2023-08-08
Marios_Chaidemenakis,5,2,2,0,2,0,6,0,2,8,6,2023-06-30
magoulakis,5,2,6,2,8,1,7,0,1,8,7,2023-04-04
Konstantinos_Sgantzos,5,2,17,1,18,1,8,0,0,8,8,2023-02-14
George_orf,5,2,3,4,7,0,7,1,0,8,8,2023-01-15
arevangelos,4,1,21,3,24,0,7,0,0,7,7,2022-11-06
georgio_gouv,5,2,0,0,0,0,8,0,0,8,8,2024-02-23
XRISTOSMATH,5,2,0,0,0,0,8,0,0,8,8,2024-02-19
Michalis_Andreou4027,3,0,0,4,4,0,4,1,3,8,5,2023-05-23
Pateros1991,4,1,2,1,3,0,6,0,2,8,6,2023-05-05
Lostre_Los,5,2,5,0,5,0,7,0,1,8,7,2023-05-04
claudiovlore,5,2,16,3,19,0,8,0,0,8,8,2022-12-12
pogas24,5,2,5,2,7,1,7,0,1,8,7,2022-11-24
dimitris_krassios,5,2,9,1,10,0,8,0,0,8,8,2022-11-06
panos.papas21,5,2,9,0,9,0,8,0,0,8,8,2022-10-08
petroy_ioannis,1,2,-176,186,10,0,2,2,4,8,4,2022-08-04
Thomas_04,5,2,12,1,13,1,8,0,0,8,8,2022-07-22
Zoi Koutsovasili,5,2,22,6,28,1,8,0,0,8,8,2022-04-29
georgios.galanopoulos,5,2,12,3,15,0,8,0,0,8,8,2022-04-22
Michalis_Andreou4027,3,0,1,3,4,0,4,1,3,8,5,2023-05-23
spartan_ok,5,2,1,1,2,0,8,0,0,8,8,2024-03-09
georgio_gouv,5,2,8,1,9,0,8,0,0,8,8,2024-02-15
themischristopoulos,4,1,-3,6,3,0,7,1,0,8,8,2024-01-18
Christos_Makou,5,2,3,2,5,1,7,0,0,7,7,2024-01-04
petros.xlis.9,5,2,9,1,10,0,8,0,0,8,8,2023-12-02
Anastasia_K_17,5,2,10,1,11,1,8,0,0,8,8,2023-11-15
Dina_Liv,4,1,0,5,5,1,1,0,7,8,1,2023-11-09
Christos_Kalliantasis,1,2,-27,31,4,0,2,3,3,8,5,2023-10-14
Θανάσης Θεοφανίδης,5,2,0,2,2,0,6,0,2,8,6,2023-09-03
some.other.time20,5,2,4,5,9,0,8,0,0,8,8,2023-09-02
Xristospsil,5,2,11,1,12,0,8,0,0,8,8,2023-08-25
Sokratis007,4,1,3,1,4,1,5,1,2,8,6,2023-08-25
potsis.v,5,2,10,4,14,0,8,0,0,8,8,2023-08-06
aggelosfer_99,4,1,2,5,7,0,6,0,2,8,6,2023-08-04
pastrydino,5,2,17,0,17,1,8,0,0,8,8,2023-07-19
pavletos45,5,2,4,0,4,0,8,0,0,8,8,2023-07-12
george_dritsas,5,2,11,1,12,1,7,0,1,8,7,2023-06-11
dj-phillip-live,5,2,4,1,5,0,8,0,0,8,8,2023-06-09
brouzossss,5,2,11,0,11,0,8,0,0,8,8,2023-05-15
Fedias TS,5,2,10,3,13,0,8,0,0,8,8,2023-04-15
Diana_S,1,2,-3,4,1,1,3,3,2,8,6,2024-02-29
Κιαντζίδης,4,1,1,0,1,1,8,0,0,8,8,2024-02-11
Ioulia_Gkotza,4,1,-7,8,1,0,7,0,1,8,7,2023-11-10
xristos61112,4,1,2,0,2,0,6,0,2,8,6,2023-11-01
Dionisis_d870,1,2,-11,17,6,0,4,3,1,8,7,2023-09-23
molas,5,2,8,0,8,0,4,0,0,4,4,2023-09-17
agcastellano1976,5,2,5,1,6,0,8,0,0,8,8,2023-08-12
Dimitris_CHeliotis6605,3,0,4,3,7,0,6,1,1,8,7,2023-08-12
Stragali532,5,2,4,0,4,0,6,1,0,7,7,2023-08-08
Rania_Kokkali61,1,2,-22,28,6,0,3,3,2,8,6,2023-08-03
Vasia_Efthimiadi,1,2,-63,69,6,0,0,0,0,0,0,2023-05-29
ΔΗΜΗΤΡΗΣ ΣΟΥΛΗΣ,5,2,8,2,10,1,6,0,2,8,6,2023-05-28
Vangkaret,5,2,1,2,3,1,6,0,2,8,6,2023-05-10
nikoskelly,5,2,4,1,5,0,7,0,1,8,7,2023-05-07
voulakatrana,3,0,-6,20,14,1,1,1,0,2,2,2023-05-02
gkoutsogiannis,5,2,2,0,2,0,8,0,0,8,8,2024-03-06
nicholas.mag,3,0,-5,5,0,0,4,1,2,7,5,2024-03-02
toliskalentzotis,5,2,1,1,2,0,8,0,0,8,8,2024-01-26
sokratis.ioannidis,5,2,2,0,2,1,8,0,0,8,8,2024-01-10
ssof9009,5,2,2,0,2,1,7,0,1,8,7,2024-01-09
anna_livaniou57,1,2,-18,31,13,0,5,2,0,7,7,2024-01-09
Michalis_Kara16,5,2,1,0,1,0,7,0,1,8,7,2023-12-13
vasilis_euthimiou,3,0,-15,15,0,0,4,1,3,8,5,2023-12-13
hammerland,5,2,1,0,1,0,7,0,1,8,7,2023-12-13
Tonia_Ekonomou,1,2,-26,29,3,0,4,4,0,8,8,2023-12-12
Zafeiris_Dardanos,5,2,0,1,1,1,8,0,0,8,8,2023-12-08
konstantinos_lizard,5,2,7,1,8,0,8,0,0,8,8,2023-12-03
vasilis79,5,2,1,0,1,0,8,0,0,8,8,2023-12-03
christosjune,5,2,3,0,3,0,8,0,0,8,8,2023-11-28
nantofs,1,2,-39,46,7,0,2,0,6,8,2,2023-11-24
kagashileme,4,1,0,0,0,0,8,0,0,8,8,2023-11-23
vaggmpa18,4,1,11,0,11,0,6,0,2,8,6,2023-11-22
gkostas77,5,2,4,0,4,0,8,0,0,8,8,2023-11-21
Haigs,5,2,8,1,9,0,8,0,0,8,8,2023-11-19
anna_livaniou57,1,2,-19,32,13,0,5,2,0,7,7,2024-01-09
Sarantis_Sarantis,5,2,3,0,3,0,8,0,0,8,8,2024-02-28
chrisres82,5,2,4,0,4,0,8,0,0,8,8,2024-02-15
antonisvamvaka13,5,2,6,0,6,0,8,0,0,8,8,2024-02-03
Άκης καμί,5,2,13,1,14,0,7,0,1,8,7,2024-01-26
Vammena_Kokkina_Mallia,4,1,-7,10,3,0,5,1,2,8,6,2024-01-23
ernesto_idrizi,4,1,-7,14,7,0,7,0,1,8,7,2024-01-19
Mixalis_Mpontzidis,5,2,5,1,6,0,8,0,0,8,8,2023-12-31
maknasos,5,2,2,0,2,1,8,0,0,8,8,2023-12-26
pronektar,5,2,9,2,11,1,8,0,0,8,8,2023-12-23
athanassios.mercouris,3,0,-14,25,11,1,5,2,1,8,7,2023-12-22
christosjune,5,2,3,4,7,0,7,0,0,7,7,2023-12-16
Christos C,5,2,0,1,1,1,7,0,1,8,7,2023-12-05
nvi,5,2,-3,8,5,0,8,0,0,8,8,2023-12-03
klolis7,3,0,0,12,12,0,5,2,1,8,7,2023-11-30
giwrgos_fatouros,5,2,10,1,11,0,8,0,0,8,8,2023-11-29
hkasembaj,5,2,12,0,12,1,8,0,0,8,8,2023-11-28
billywizzy19,5,2,16,2,18,0,6,0,2,8,6,2023-11-04
Nikolaos_M_8420,5,2,9,2,11,0,8,0,0,8,8,2023-10-31
George_Ververakis4409,5,2,-10,18,8,0,5,0,3,8,5,2023-10-19
hoyas,2,1,-34,41,7,0,4,1,0,5,5,2023-10-17
Sarantis_Sarantis,5,2,3,1,4,0,8,0,0,8,8,2024-02-28
chrisres82,5,2,4,1,5,0,8,0,0,8,8,2024-02-15
antonisvamvaka13,5,2,5,1,6,0,8,0,0,8,8,2024-02-03
Vammena_Kokkina_Mallia,4,1,-8,11,3,0,5,1,2,8,6,2024-01-23
ernesto_idrizi,4,1,-8,15,7,0,7,0,1,8,7,2024-01-19
Mixalis_Mpontzidis,5,2,4,2,6,0,8,0,0,8,8,2023-12-31
PK4,5,2,0,0,0,0,8,0,0,8,8,2024-03-18
GiannisXristopoulosEriMi,5,2,5,0,5,0,8,0,0,8,8,2024-03-15
panos.papas21,5,2,5,2,7,0,8,0,0,8,8,2024-03-14
konnos_todoulakis,3,0,17,5,22,0,6,1,1,8,7,2024-03-13
othonas_othonas,5,2,40,2,42,0,8,0,0,8,8,2024-03-06
GiannisXristopoulosEriMi,5,2,1,0,1,0,8,0,0,8,8,2024-03-15
panos.papas21,5,2,3,2,5,0,8,0,0,8,8,2024-03-14
konnos_todoulakis,3,0,13,4,17,0,6,1,1,8,7,2024-03-13
othonas_othonas,5,2,38,2,40,0,8,0,0,8,8,2024-03-06
alex_lykakis,5,2,1,0,1,0,8,0,0,8,8,2023-09-29
anestis_Politis,5,2,0,0,0,0,8,0,0,8,8,2023-08-31
chbarmpas,5,2,3,0,3,0,8,0,0,8,8,2023-07-12
fotisxenoul97,5,2,2,0,2,0,8,0,0,8,8,2022-08-10
jason_k2093,5,2,2,0,2,1,8,0,0,8,8,2022-07-29
aggeos_tsoumalakos,5,2,4,0,4,0,8,0,0,8,8,2022-05-20
Vaso_Tdm,5,2,7,0,7,0,8,0,0,8,8,2022-02-22
gournaris.kwnstantino,5,2,10,0,10,0,7,0,1,8,7,2021-09-02
Stefanos_Grammatiko,2,1,-39,49,10,0,4,1,3,8,5,2021-06-26
giorgos_dimoschakis,4,1,6,1,7,0,7,1,0,8,8,2021-05-06
Apostolos_Dimopoulos97,5,2,4,5,9,0,8,0,0,8,8,2021-04-08
giannis.kav95,1,2,-16,26,10,0,6,0,2,8,6,2021-03-09
Thomas_Orkas33,5,2,-10,18,8,0,8,0,0,8,8,2021-03-05
CHRYSANTHOS_KONSTANTINIDIS,5,2,6,0,6,0,0,0,0,0,0,2021-01-19
smaragda_mel98,5,2,6,0,6,0,7,0,1,8,7,2021-01-14
Aggeliki_Kavvoura,5,2,14,0,14,0,8,0,0,8,8,2021-01-01
Christos_Soulidis,5,2,10,3,13,1,8,0,0,8,8,2020-12-24
cryptonas_r92,5,2,11,3,14,0,7,0,1,8,7,2020-11-02
Mikemkds,5,2,4,5,9,0,8,0,0,8,8,2020-09-02
nostalgia753,5,2,7,5,12,0,7,0,1,8,7,2020-08-15
Foto_PSychiko,4,1,-3,12,9,1,7,0,1,8,7,2020-08-04
gitsou27,3,0,-5,17,12,0,6,0,2,8,6,2020-07-31
Seductive Raspberry,5,2,4,0,4,0,7,0,1,8,7,2020-07-28
kopteridis.d,5,2,2,11,13,0,8,0,0,8,8,2020-05-24
Vasilis_Mastrodimos,5,2,0,0,0,0,6,0,2,8,6,2024-02-12
SOTIRIS_MICHALEAS,5,2,2,0,2,0,8,0,0,8,8,2024-01-24
Kwstas_Athanasiadis,5,2,2,0,2,0,6,0,2,8,6,2024-01-12
Dionisis_Milonas4230,5,2,2,0,2,0,7,0,1,8,7,2023-07-30
George Nikolopoylos,1,2,0,3,3,0,6,2,0,8,8,2023-06-11
Evi_Bakou,3,0,3,2,5,0,4,0,4,8,4,2023-03-12
Apostolos_Kroustalis,5,2,1,1,2,0,6,0,2,8,6,2023-02-12
markos101,4,1,1,1,2,0,7,0,1,8,7,2023-02-03
Ele_Vl,5,2,1,2,3,0,8,0,0,8,8,2023-02-02
Dark_Skies,5,2,3,0,3,1,6,0,1,7,6,2022-05-07
MARK_M_,5,2,2,0,2,0,7,0,1,8,7,2022-05-01
p.troupis,5,2,8,0,8,0,8,0,0,8,8,2022-03-14
Aggelos_TiSeNoiazei,5,2,4,0,4,0,8,0,0,8,8,2022-02-17
Alexa_Karra,2,1,-15,21,6,0,5,2,1,8,7,2021-09-21
Bill_Kolovinas,5,2,13,1,14,0,7,0,1,8,7,2021-06-28
Stelios_Amprazis,4,1,15,0,15,0,6,0,2,8,6,2021-06-17
eleni.sr,5,2,11,0,11,0,6,0,2,8,6,2021-05-05
Jimmakos735,5,2,9,0,9,1,8,0,0,8,8,2021-05-03
vgrassos,4,1,4,1,5,0,4,0,4,8,4,2021-05-01
odisseaste,5,2,7,0,7,0,8,0,0,8,8,2021-04-15
msalexia,3,0,0,8,8,0,5,1,2,8,6,2021-03-26
danisdimitriadis62,4,1,3,1,4,0,0,0,0,0,0,2021-03-22
rami89otis,5,2,4,3,7,0,8,0,0,8,8,2021-03-07
aggelito27,5,2,3,0,3,1,6,0,2,8,6,2021-03-07
ep82silv,5,2,16,0,16,1,8,0,0,8,8,2021-02-22
Maria_Mademli,3,0,2,0,2,0,3,0,5,8,3,2023-08-18
Dionysia_Char,5,2,1,0,1,0,8,0,0,8,8,2023-03-16
c_douv,5,2,0,0,0,0,8,0,0,8,8,2022-12-29
George_Triantafyllou18,4,1,-1,2,1,1,7,0,1,8,7,2022-09-27
Iason_Despotopoulos,5,2,4,0,4,0,8,0,0,8,8,2022-07-06
mikroryaki,5,2,6,0,6,1,8,0,0,8,8,2022-05-10
Panos_3000,3,0,-8,11,3,0,4,0,4,8,4,2022-04-23
ilias84,4,1,5,2,7,0,7,0,1,8,7,2022-02-23
Dimitris_Kotsilianos,3,0,-7,9,2,0,6,0,2,8,6,2022-02-01
Murat_Rasim75,5,2,2,2,4,0,8,0,0,8,8,2021-12-17
giwrgos_ntanos7731,1,2,-17,23,6,0,0,5,3,8,5,2021-11-08
dnikifor,1,2,-9,16,7,0,4,1,3,8,5,2021-10-18
Vasilis_Doulopoulos8,4,1,-6,12,6,1,5,0,3,8,5,2021-10-14
Spyrvls,3,0,-9,12,3,0,6,1,1,8,7,2021-09-13
Karipidis_Suca,4,1,4,2,6,0,6,0,2,8,6,2021-08-15
Ser_Geo,5,2,13,0,13,0,8,0,0,8,8,2021-07-02
Aris_Xenidis,5,2,19,0,19,0,6,0,0,6,6,2021-06-20
Dimitris_Koukoumis,1,2,-9,23,14,0,3,0,5,8,3,2021-06-03
grothus,5,2,-2,12,10,0,8,0,0,8,8,2021-05-30
theking77,3,0,1,15,16,0,4,1,3,8,5,2021-05-26
Stelios556,1,2,-18,30,12,0,3,2,3,8,5,2021-05-25
iliasandronis1995,5,2,9,2,11,0,8,0,0,8,8,2021-05-19
Stena,5,2,5,1,6,1,5,0,2,7,5,2021-05-14
kanargiros,5,2,3,2,5,1,8,0,0,8,8,2021-05-12
Another_Cuber,5,2,2,2,4,0,7,0,1,8,7,2021-05-06
Maria Vrg,5,2,0,0,0,1,7,0,1,8,7,2024-02-15
dimi_av933,5,2,1,0,1,0,7,0,1,8,7,2024-01-30
a_filippas,5,2,0,0,0,0,6,0,2,8,6,2024-01-09
M_RO,2,1,0,0,0,0,4,2,2,8,6,2023-11-26
Gaboulli_Skl,2,1,1,2,3,0,3,2,3,8,5,2023-09-13
Mixalis_Tsourkanou,2,1,-9,10,1,0,5,0,3,8,5,2023-08-27
eva_m_89,2,1,5,2,7,0,6,1,1,8,7,2022-11-22
Kyriakos_Papadopoulos44,3,0,-9,10,1,0,6,1,1,8,7,2022-11-20
Ethereal_Sol,5,2,12,0,12,0,8,0,0,8,8,2022-11-15
Spyros_CHrysafis,1,2,-25,27,2,0,1,4,3,8,5,2022-10-12
CHRISTOS PANAGIOTOPOULOS,4,1,5,1,6,0,7,0,1,8,7,2022-08-25
kasapidisanestis,5,2,9,0,9,0,8,0,0,8,8,2022-04-10
jsr.hard.racing,5,2,10,0,10,0,8,0,0,8,8,2022-04-09
Left_kou,1,2,-19,24,5,0,2,2,4,8,4,2022-04-02
Alexandronic,5,2,15,1,16,1,8,0,0,8,8,2022-03-24
Priestont_teo,5,2,3,0,3,0,8,0,0,8,8,2022-03-09
sakis_d,5,2,6,0,6,0,8,0,0,8,8,2022-03-05
luljanalepuri92,5,2,5,0,5,0,8,0,0,8,8,2022-03-03
Iraklis_Kouliakis5665,5,2,6,0,6,0,8,0,0,8,8,2022-02-01
Lotte,2,1,-3,16,13,0,4,1,1,6,5,2022-01-03
Stavros.tzeve,3,0,-1,12,11,0,0,1,7,8,1,2021-11-28
Fil_Zil,2,1,-4,17,13,0,1,3,3,7,4,2021-11-12
deathdiller1997,5,2,8,1,9,0,8,0,0,8,8,2021-11-01
Nikos_D_,5,2,12,0,12,0,8,0,0,8,8,2021-10-04
agkoulis29,5,2,8,0,8,1,8,0,0,8,8,2021-09-19
thanos_Jim,5,2,6,1,7,0,8,0,0,8,8,2021-08-26
PANTHIRON,4,1,5,4,9,1,7,0,1,8,7,2021-08-24
christinaki6,2,1,1,0,1,0,4,1,3,8,5,2023-12-15
desislavalexandrov2002,2,1,-9,10,1,0,2,3,3,8,5,2023-07-06
GIORGOS_STAMATAKOS,4,1,4,1,5,0,7,0,1,8,7,2023-03-10
KostasK87,2,1,1,5,6,0,2,2,4,8,4,2023-03-10
FoBo,1,2,2,5,7,0,7,0,1,8,7,2023-02-20
ediamantidis,3,0,1,2,3,0,4,1,3,8,5,2023-02-08
gypas1,5,2,1,1,2,0,8,0,0,8,8,2022-12-07
Giannis_Kalavrytinos1399,1,2,-12,16,4,0,4,3,1,8,7,2022-09-03
AlkisMourikas,4,1,10,3,13,0,4,0,1,5,4,2022-05-20
CHARALAMPOS_AVARIKIOTIS,4,1,7,5,12,0,7,0,1,8,7,2022-04-05
sakissaravas123,4,1,4,1,5,0,7,0,1,8,7,2022-04-02
Despoina_A56,2,1,-25,33,8,0,4,0,4,8,4,2022-03-28
arouliskafalis,5,2,8,4,12,0,7,0,1,8,7,2022-02-26
xrysanthitsoni,3,0,-3,6,3,0,7,0,1,8,7,2022-02-22
Schuldiner86,3,0,-1,9,8,0,4,2,2,8,6,2022-02-19
johngennaios,3,0,5,1,6,0,6,2,0,8,8,2022-02-13
nikostakis,5,2,11,2,13,0,8,0,0,8,8,2021-12-30
makarios__,4,1,14,4,18,1,8,0,0,8,8,2021-12-07
kostasair_45,5,2,8,1,9,0,8,0,0,8,8,2021-11-20
ffotop,2,1,-13,28,15,0,4,2,1,7,6,2021-11-12
Αντωνης Σ,5,2,3,0,3,0,8,0,0,8,8,2021-11-03
Great_Breeze,4,1,-9,25,16,0,5,2,1,8,7,2021-10-25
ToErgaleio,5,2,13,2,15,0,7,0,1,8,7,2021-10-25
Lalilulelo_13,5,2,11,5,16,0,8,0,0,8,8,2021-10-07
mitsos911,3,0,4,20,24,0,4,2,2,8,6,2021-09-21
DIMITRIOS_PAPAZOGLOU,5,2,13,7,20,0,8,0,0,8,8,2021-09-19
xiotis,4,1,10,5,15,1,0,0,1,1,0,2021-09-12
credocredo2015,1,2,2,0,2,0,5,3,0,8,8,2023-10-07
antreasdesyllas,5,2,0,1,1,0,6,0,2,8,6,2023-07-12
cgirtos,5,2,1,2,3,0,8,0,0,8,8,2023-04-18
Samaras Vasilis,2,1,2,1,3,0,4,2,2,8,6,2023-03-05
Hercules_Katsaros,3,0,-2,2,0,0,5,1,2,8,6,2023-02-18
soft_soft,1,2,3,2,5,0,4,2,2,8,6,2022-11-22
Panagiotis_Makropoulos,3,0,1,1,2,0,5,1,2,8,6,2022-11-18
Giorgos F.,2,1,2,2,4,1,5,1,1,7,6,2022-11-15
Christina_Botsou,1,2,3,3,6,1,4,1,3,8,5,2022-11-08
Natron,1,2,2,6,8,0,1,2,5,8,3,2022-08-06
Isidor_ned,1,2,-5,7,2,0,0,4,4,8,4,2022-07-27
Kleopatra_Pritska8078,3,0,-3,7,4,0,3,0,5,8,3,2022-05-27
George_Mistral,4,1,5,1,6,0,6,0,2,8,6,2022-05-12
FayVR,4,1,7,0,7,0,4,0,4,8,4,2022-04-17
rafdak1,5,2,5,1,6,1,8,0,0,8,8,2022-01-11
Pit_Moschos,4,1,5,0,5,0,5,0,3,8,5,2022-01-10
lefteris_veniamakis,4,1,3,0,3,0,6,1,1,8,7,2022-01-10
vasilis_karras67,4,1,8,0,8,0,7,1,0,8,8,2022-01-10
make2005gr,3,0,1,6,7,0,3,0,4,7,3,2022-01-05
dhiotelli,5,2,11,1,12,0,7,0,1,8,7,2021-12-20
CHristos_Vlassis,4,1,-15,18,3,0,8,0,0,8,8,2021-11-23
GeorgeEfk,5,2,5,3,8,0,8,0,0,8,8,2021-11-04
Markos_Karvounis5131,5,2,1,1,2,0,8,0,0,8,8,2024-01-28
Panos_Skarvellis,2,1,1,0,1,0,5,0,2,7,5,2024-01-06
Dimitris_Kafetsis9796,1,2,1,0,1,0,3,3,2,8,6,2023-10-27
Prodromos_CHristidis,4,1,4,0,4,0,7,0,1,8,7,2022-12-31
Georgios_Kallergis9314,4,1,3,0,3,0,7,1,0,8,8,2022-12-05
Eleni_Psochiou25,4,1,2,2,4,0,6,1,1,8,7,2022-11-24
Kostas_Kad,5,2,8,0,8,0,8,0,0,8,8,2022-11-17
Rafaella_Euaggelopoulou,1,2,-4,11,7,0,0,4,3,7,4,2022-10-21
Isidor_ned,1,2,-10,17,7,0,0,4,4,8,4,2022-07-29
fotfire,5,2,3,0,3,1,8,0,0,8,8,2022-07-17
maro_kili,4,1,-6,6,0,0,4,0,4,8,4,2022-05-28
Spy_D,3,0,-8,9,1,0,5,1,2,8,6,2022-04-14
konsta_Pot,5,2,4,0,4,0,8,0,0,8,8,2022-02-10
Pandimia,5,2,8,0,8,0,8,0,0,8,8,2021-12-16
Vagelis_Tasios,5,2,5,0,5,1,8,0,0,8,8,2021-12-14
Dimitris_Kirkos,5,2,8,0,8,1,8,0,0,8,8,2021-12-10
founis,5,2,9,0,9,0,6,0,1,7,6,2021-12-04
panagoulakou,4,1,9,1,10,0,6,0,2,8,6,2021-11-26
loukas_sigalas,5,2,4,2,6,1,0,0,0,0,0,2021-11-24
kostas_kas85,5,2,12,2,14,0,8,0,0,8,8,2021-09-07
Sch_CHRISTODOULOU,5,2,7,3,10,0,7,0,1,8,7,2021-08-27
moschidis_m,2,1,-6,22,16,0,6,1,1,8,7,2021-08-14
Markos_Karvounis5131,5,2,0,1,1,0,8,0,0,8,8,2024-01-28
Prodromos_CHristidis,4,1,3,0,3,0,7,0,1,8,7,2022-12-31
Kostas_Kad,5,2,7,0,7,0,8,0,0,8,8,2022-11-17
Helen_Siourda,4,1,1,0,1,1,7,0,1,8,7,2023-08-22
George_Atmatsidis,3,0,0,1,1,0,3,1,4,8,4,2023-06-16
George_Kastr,5,2,3,0,3,0,8,0,0,8,8,2022-11-26
Dimitris_Oblivion,1,2,-5,8,3,0,4,2,2,8,6,2022-09-27
manoslar,5,2,6,0,6,0,8,0,0,8,8,2022-09-17
Chuckie,5,2,7,0,7,0,4,0,0,4,4,2022-02-28
akokkinn,3,0,-12,15,3,0,3,1,4,8,4,2022-02-22
tstrigaris,5,2,5,1,6,0,6,0,2,8,6,2022-01-25
Sakis_Liako,2,1,-8,15,7,0,3,3,2,8,6,2022-01-10
alexgiannouli,5,2,7,0,7,0,8,0,0,8,8,2022-01-02
IOANNIS_IOANNIS5200,3,0,-34,42,8,0,4,0,4,8,4,2021-12-05
ganiosnikos,5,2,8,1,9,0,8,0,0,8,8,2021-11-30
Theodoros Kos282tea,5,2,1,3,4,0,8,0,0,8,8,2021-11-26
Pavletos66,5,2,10,2,12,0,8,0,0,8,8,2021-11-15
Kapakos_Charalampos,1,2,-32,36,4,0,3,2,3,8,5,2021-11-07
cel17,5,2,7,1,8,0,7,0,1,8,7,2021-10-22
maria_faniadou,4,1,4,0,4,0,7,0,1,8,7,2021-10-20
gk140,4,1,-2,11,9,0,4,0,4,8,4,2021-09-29
Manos_Bits,4,1,15,2,17,1,8,0,0,8,8,2021-09-28
GIANNIS_NEO,3,0,-31,36,5,0,2,4,2,8,6,2021-09-24
dkoufou,4,1,-6,12,6,1,6,0,2,8,6,2021-09-21
Panagiotis_Tsigris,5,2,6,0,6,0,7,0,1,8,7,2021-09-20
George_Tamvakis60,4,1,-20,23,3,1,6,0,2,8,6,2021-09-15
IRAKLIS_PASCHALIDIS,5,2,9,0,9,0,7,0,1,8,7,2021-09-08
orplef1,4,1,2,2,4,0,6,0,2,8,6,2021-08-13
Traiani_Anastasiou,5,2,7,1,8,0,8,0,0,8,8,2023-11-09
waskmartha,5,2,5,0,5,0,6,0,2,8,6,2023-03-18
Fallen Proud,5,2,5,0,5,0,7,0,1,8,7,2022-09-06
Andreas_Fragkos,5,2,2,0,2,0,4,3,1,8,7,2022-08-24
Vas_V,5,2,2,0,2,0,8,0,0,8,8,2021-09-30
Konstantinos_Maros,5,2,2,0,2,0,8,0,0,8,8,2021-09-30
p.e1337,4,1,3,0,3,0,7,0,1,8,7,2021-06-29
jimpap009_gaming,5,2,3,0,3,0,8,0,0,8,8,2021-06-19
George_Pitsokos,5,2,1,2,3,1,8,0,0,8,8,2021-03-16
Giannis_Z_80,5,2,-1,5,4,0,7,0,1,8,7,2021-02-14
Dimpapak_2173,5,2,5,0,5,0,8,0,0,8,8,2020-09-08
theofanis_panagioti,5,2,4,2,6,0,5,1,2,8,6,2020-07-28
cscscs21,5,2,6,0,6,0,8,0,0,8,8,2020-07-03
Ok_Radio,5,2,-4,8,4,0,8,0,0,8,8,2020-06-25
anna_voul,2,1,-14,20,6,0,5,0,3,8,5,2020-06-24
asd_somi,5,2,-3,5,2,0,7,0,1,8,7,2020-06-20
C4ChRiS,5,2,6,0,6,0,8,0,0,8,8,2020-05-25
Mike kesidis,5,2,5,1,6,1,7,0,1,8,7,2020-05-09
argirenia.trig,5,2,-6,8,2,0,8,0,0,8,8,2020-05-07
Sofia_Athanasiadou72,4,1,1,3,4,1,6,0,2,8,6,2020-05-05
d.j.paul,3,0,-14,17,3,0,4,1,3,8,5,2020-05-03
zordonas,5,2,5,1,6,1,7,0,1,8,7,2020-05-01
Dimitrios_Papapolyzos,5,2,0,3,3,1,7,0,1,8,7,2020-04-30
giorgis7,5,2,6,0,6,1,8,0,0,8,8,2020-04-28
Refoutzio,5,2,1,0,1,0,8,0,0,8,8,2024-01-31
butrosdeborde,5,2,1,1,2,0,8,0,0,8,8,2023-08-12
gatonakos,2,1,-3,10,7,0,4,1,3,8,5,2022-03-11
mikis18,5,2,14,0,14,0,7,1,0,8,8,2021-11-29
panos_ dim,5,2,1,2,3,0,8,0,0,8,8,2021-11-25
Christian_Angelov,5,2,4,0,4,0,8,0,0,8,8,2021-11-19
Thanospap21,5,2,3,0,3,0,8,0,0,8,8,2021-10-25
Maria_mar53,5,2,4,0,4,0,8,0,0,8,8,2021-10-24
TSAV11,5,2,6,1,7,0,8,0,0,8,8,2021-08-14
Maios_T,5,2,4,0,4,0,8,0,0,8,8,2021-07-25
George_Kampilis,5,2,3,0,3,0,7,0,0,7,7,2021-07-05
michail_foutzitzis,4,1,-2,4,2,0,8,0,0,8,8,2021-06-10
bironkalomamas,5,2,5,0,5,0,7,0,1,8,7,2021-05-14
Prionysis,5,2,3,1,4,1,8,0,0,8,8,2021-04-28
vaggelispapatsarakis,5,2,4,2,6,1,7,0,1,8,7,2021-04-01
Fotis Dilvois,5,2,5,1,6,0,8,0,0,8,8,2021-03-21
panos 675,1,2,-10,19,9,1,6,2,0,8,8,2021-03-12
Leon_Laza,2,1,-7,17,10,0,4,2,2,8,6,2021-03-10
Nikos_Gerakaris,5,2,8,1,9,0,8,0,0,8,8,2021-02-09
Maximos_Dimopoulos,2,1,-12,18,6,0,2,0,6,8,2,2021-02-07
Αντωνης Ματσης,5,2,11,2,13,0,8,0,0,8,8,2021-01-28
Teo_Sarlis,3,0,2,0,2,0,5,1,2,8,6,2021-01-21
giannis christopoulos,5,2,5,2,7,0,7,0,1,8,7,2021-01-20
mitsi1995,5,2,5,3,8,0,7,0,1,8,7,2021-01-11
lydia.ki,5,2,1,3,4,0,8,0,0,8,8,2021-01-11
marilynzolotasgr,1,2,0,0,0,1,7,1,0,8,8,2024-02-18
Sakis_Petridis73,4,1,0,0,0,1,7,0,1,8,7,2024-01-30
thanosfragi,4,1,-1,1,0,1,2,0,6,8,2,2024-01-16
Lio_2010,4,1,-1,1,0,0,5,0,1,6,5,2024-01-02
lupo1926,5,2,0,1,1,1,8,0,0,8,8,2023-12-24
annispanoudaki,5,2,4,0,4,0,7,0,1,8,7,2023-11-23
salajaleksander7,5,2,0,0,0,1,5,1,2,8,6,2023-10-15
Panagiotis Bakalis,4,1,-4,5,1,1,5,0,3,8,5,2023-09-21
Ακης10,3,0,2,1,3,1,2,0,6,8,2,2023-09-19
Nick 123789,5,2,6,0,6,0,5,0,3,8,5,2023-09-15
Giorgos_Alexakis79,1,2,-8,13,5,1,1,4,2,7,5,2023-04-28
Tester4ever,2,1,-2,6,4,1,1,3,2,6,4,2023-04-25
ngroussos,3,0,-10,14,4,1,5,0,3,8,5,2023-03-14
Devis_Jankulla,3,0,-12,14,2,1,5,1,2,8,6,2023-02-14
SAM_PATIS,4,1,-4,11,7,1,3,0,5,8,3,2023-02-07
dtsakiris78,4,1,0,4,4,1,7,0,1,8,7,2023-01-14
Co_Ma,3,0,1,2,3,1,2,1,5,8,3,2024-02-23
Katerina_Korouna,5,2,6,1,7,1,7,0,0,7,7,2024-01-16
FOTIS_AVGOUSTIS13,5,2,3,1,4,1,6,0,2,8,6,2024-01-09
karampasdimitris,5,2,6,15,21,1,5,0,3,8,5,2023-12-12
Geo_Karne,5,2,2,6,8,0,6,0,2,8,6,2023-12-12
Co_Ma,3,0,0,2,2,1,2,1,5,8,3,2024-02-23
Aggela_Roumelioti,4,1,0,0,0,0,7,0,1,8,7,2024-02-28
Giorgos_Tsolakis51,5,2,3,0,3,1,5,0,3,8,5,2023-11-22
Dxml,3,0,-1,2,1,0,5,2,1,8,7,2023-11-18
Maria9184,5,2,6,0,6,0,8,0,0,8,8,2023-10-30
akis_giannakop,5,2,2,1,3,0,6,0,2,8,6,2023-09-03
shamhrin71,3,0,4,1,5,0,5,1,0,6,6,2023-06-26
Christos_Tsiarkas,2,1,-1,7,6,0,2,1,4,7,3,2023-06-21
avassilakis,5,2,12,3,15,0,8,0,0,8,8,2023-05-24
jay_.k,3,0,3,4,7,0,5,0,3,8,5,2023-05-21
zoricspsol,1,2,-14,19,5,0,4,1,1,6,5,2023-05-09
eleadsp_ad,4,1,-1,3,2,1,7,0,1,8,7,2023-04-28
kos83,4,1,-1,4,3,0,8,0,0,8,8,2023-04-06
anton_kou,5,2,6,2,8,0,8,0,0,8,8,2023-04-05
erion_er!on,4,1,3,0,3,0,5,0,2,7,5,2023-03-30
Apostolos_Kopsaris,5,2,2,1,3,0,8,0,0,8,8,2023-03-13
Ioannis_Xefteris2392,5,2,3,1,4,0,8,0,0,8,8,2023-03-04
antwnhsarp,4,1,1,0,1,1,7,0,1,8,7,2023-03-03
Ilias_Riou,2,1,-2,6,4,0,4,1,3,8,5,2023-02-26
antonis_michailidis5666,5,2,5,1,6,0,8,0,0,8,8,2023-02-21
Κωνσταντίνος Πανικογλου,4,1,1,0,1,1,5,0,3,8,5,2023-02-18
Andreas Karandreas,3,0,-1,5,4,0,4,0,4,8,4,2023-02-08
garizogr,5,2,3,0,3,1,7,0,1,8,7,2023-02-04
nikos_famelis9580,1,2,-12,14,2,0,3,3,2,8,6,2023-02-03
arsenis_xotza,1,2,-9,13,4,0,2,3,3,8,5,2023-01-27
MCBoi,2,1,-2,6,4,0,6,1,1,8,7,2023-01-21
Maria9184,5,2,5,0,5,0,8,0,0,8,8,2023-10-30
ILIAS_KOTSIS7566,5,2,2,0,2,1,7,0,1,8,7,2023-12-27
spysteven,1,2,-1,4,3,0,5,1,2,8,6,2023-12-25
Gabriel_Apostolakis,5,2,5,0,5,1,8,0,0,8,8,2023-11-28
Στελιος Παπας,2,1,-8,10,2,0,2,4,2,8,6,2023-11-15
spiros_koutsakis,1,2,-6,9,3,0,2,4,2,8,6,2023-10-12
Manos_Miliaras4641,4,1,-11,12,1,1,3,0,4,7,3,2023-06-05
gboletsis1977,5,2,3,5,8,0,8,0,0,8,8,2023-03-15
Γρηγόρης Δημητρακόπουλος,5,2,9,3,12,1,8,0,0,8,8,2023-02-15
Andreas_Grammenos,5,2,5,1,6,1,8,0,0,8,8,2023-02-14
Niki_L_9180,5,2,7,1,8,1,6,0,2,8,6,2023-02-07
Alex7214r,4,1,1,3,4,1,7,0,1,8,7,2023-01-31
futhrwei,5,2,3,2,5,1,7,0,0,7,7,2023-01-17
Dimitris_Kr_,5,2,3,4,7,1,8,0,0,8,8,2023-01-12
Beretz Berry,5,2,34,0,34,1,8,0,0,8,8,2023-01-08
mesogitis,5,2,10,1,11,1,8,0,0,8,8,2023-01-08
George_Petsalnikos,5,2,15,6,21,1,8,0,0,8,8,2022-12-20
krotonsoul,5,2,4,3,7,0,8,0,0,8,8,2022-12-18
mixalis1204,4,1,-17,28,11,0,6,0,2,8,6,2022-12-18
Dimitra_Spanou39,5,2,19,0,19,0,8,0,0,8,8,2022-12-05
pmansalis,5,2,4,2,6,0,8,0,0,8,8,2022-11-22
Jason_Rodius,5,2,15,1,16,0,7,0,0,7,7,2022-11-11
Johnnie.,4,1,3,1,4,0,7,0,1,8,7,2022-11-04
Dimitris Karalis,5,2,30,1,31,0,8,0,0,8,8,2022-10-11
olgagiannak,5,2,20,0,20,0,8,0,0,8,8,2022-10-08
xristos_kar1317,5,2,6,3,9,0,8,0,0,8,8,2022-09-21
Petros_Kiosia,5,2,11,2,13,1,8,0,0,8,8,2022-09-15
Vagpap_88,5,2,10,3,13,1,8,0,0,8,8,2022-08-09
spysteven,1,2,-2,4,2,0,5,1,2,8,6,2023-12-25
Στελιος Παπας,2,1,-7,9,2,0,2,4,2,8,6,2023-11-15
Thanos_Life,5,2,5,1,6,1,7,0,1,8,7,2023-05-15
KOKIS73,3,0,3,0,3,0,5,1,2,8,6,2023-12-08
John_Arditsoglou,5,2,1,0,1,0,8,0,0,8,8,2023-09-03
Nikos_Kokkalas71,4,1,5,1,6,0,6,0,2,8,6,2023-07-23
ranos7,4,1,-2,2,0,0,6,0,2,8,6,2023-07-20
takis_tatsis26,5,2,4,1,5,0,8,0,0,8,8,2023-05-07
gkaingr,5,2,-1,3,2,0,8,0,0,8,8,2023-04-01
Thanos_Core,5,2,2,5,7,0,7,0,1,8,7,2023-02-09
CHRYSA_CHRISTODOULOU2057,5,2,-3,6,3,1,8,0,0,8,8,2023-02-07
mete,5,2,-1,3,2,0,1,0,0,1,1,2023-01-21
Γιάννης Βέγκος,4,1,-2,3,1,0,7,0,1,8,7,2023-01-18
Aggelos_Mouzourakis,4,1,-6,12,6,1,7,0,1,8,7,2022-08-04
[email protected],4,1,-4,10,6,0,7,1,0,8,8,2022-07-22
stamos19105,3,0,-38,48,10,0,6,2,0,8,8,2022-07-12
thesbelial,4,1,73,11,84,0,6,0,2,8,6,2022-05-22
ilektronikaboy,5,2,16,5,21,0,7,0,1,8,7,2022-05-20
dimoslok89,3,0,-54,97,43,0,5,1,2,8,6,2022-05-20
KOKIS73,3,0,4,0,4,0,5,1,2,8,6,2023-12-08
Nikos_Kokkalas71,4,1,6,1,7,0,6,0,2,8,6,2023-07-23
gug_itt,1,2,-5,8,3,0,3,1,4,8,4,2024-03-05
Gerados_Gazile,5,2,3,0,3,1,7,0,1,8,7,2024-03-01
eksasteros3d,4,1,1,1,2,1,7,0,1,8,7,2024-02-20
Manolis_Kats,3,0,-14,15,1,0,6,1,1,8,7,2024-02-10
Μυσσωνας,5,2,10,0,10,1,8,0,0,8,8,2024-02-10
antlekkas,5,2,16,0,16,1,8,0,0,8,8,2024-02-04
ntevol,5,2,7,0,7,0,7,0,1,8,7,2024-02-01
I_love_vape_1999,5,2,8,1,9,1,8,0,0,8,8,2024-02-01
tasosc98,5,2,6,1,7,1,5,0,3,8,5,2024-01-15
Spyros koutellas,3,0,-30,30,0,0,7,1,0,8,8,2024-01-04
milona_sophia,4,1,-16,19,3,0,5,0,3,8,5,2024-01-02
SAMOS8231,5,2,-30,33,3,0,5,0,3,8,5,2023-12-31
DIMITRIS070880,5,2,10,1,11,0,8,0,0,8,8,2023-12-10
nikotsam,5,2,8,3,11,1,8,0,0,8,8,2023-12-05
zippo_p,5,2,5,0,5,0,7,0,0,7,7,2023-12-02
johdik8139,5,2,7,4,11,0,8,0,0,8,8,2023-11-27
zzzmallzz_iZ,5,2,11,1,12,0,8,0,0,8,8,2023-11-26
theredavenger,5,2,3,1,4,0,8,0,0,8,8,2023-11-25
xasaphs1985a,5,2,14,2,16,0,8,0,0,8,8,2023-11-25
γιαννης μπατ,5,2,1,0,1,1,6,0,0,6,6,2023-11-25
kostasbet,5,2,9,2,11,1,8,0,0,8,8,2023-11-21
evilkotsos,5,2,13,2,15,1,6,0,2,8,6,2023-11-15
feregios.racing,5,2,12,0,12,1,7,0,1,8,7,2023-11-15
Giorgos Vavamis,5,2,4,3,7,0,8,0,0,8,8,2023-11-05
djmythbasster,5,2,14,1,15,0,8,0,0,8,8,2023-11-02
gug_itt,1,2,-5,9,4,0,3,1,4,8,4,2024-03-05
Manolis_Kats,3,0,-15,16,1,0,6,1,1,8,7,2024-02-10
Μυσσωνας,5,2,11,0,11,1,8,0,0,8,8,2024-02-10
antlekkas,5,2,17,0,17,1,8,0,0,8,8,2024-02-04
I_love_vape_1999,5,2,9,1,10,1,8,0,0,8,8,2024-02-01
Spyros koutellas,3,0,-31,31,0,0,7,1,0,8,8,2024-01-04
milona_sophia,4,1,-17,20,3,0,5,0,3,8,5,2024-01-02
gug_itt,1,2,-3,4,1,0,3,1,4,8,4,2024-03-05
gug_itt,1,2,-2,2,0,0,3,1,4,8,4,2024-03-05
Giorgos Vavamis,5,2,4,3,7,0,6,0,2,8,6,2023-11-05
gug_itt,1,2,-6,8,2,0,3,1,4,8,4,2024-03-05
christos_c.b.b.msn.com,5,2,1,0,1,0,8,0,0,8,8,2024-03-12
christosbaltasmsn.com,4,1,0,1,1,1,7,0,1,8,7,2024-02-13
Darylgrime,5,2,4,0,4,0,7,0,1,8,7,2024-02-11
JIM_JIM4,5,2,0,0,0,0,6,0,2,8,6,2024-01-30
Rena_Papadopoulou6346,2,1,-13,16,3,0,3,4,1,8,7,2024-01-29
John_John1175,4,1,0,0,0,0,5,1,2,8,6,2023-12-25
MANOS_DEREKAS,3,0,-22,30,8,0,5,0,3,8,5,2023-12-20
Dimitris_Xaidemenos,5,2,10,2,12,1,8,0,0,8,8,2023-12-19
spirospa,1,2,-22,26,4,0,0,8,0,8,8,2023-12-11
Jim_Routis,5,2,23,4,27,1,0,0,0,0,0,2023-12-09
harryadosoglou,5,2,3,1,4,0,8,0,0,8,8,2023-11-24
tomisv85,5,2,11,28,39,1,8,0,0,8,8,2023-11-13
thanos231985,5,2,0,7,7,1,8,0,0,8,8,2023-11-05
Steve_Harley,5,2,6,5,11,0,6,0,2,8,6,2023-10-22
Panagiotis_,5,2,5,2,7,0,8,0,0,8,8,2023-10-18
NICK D,4,1,5,5,10,1,6,0,2,8,6,2023-10-07
Con_Bachas,4,1,9,15,24,1,8,0,0,8,8,2023-10-02
theologoskl,4,1,-2,8,6,0,5,1,2,8,6,2023-10-02
Apo*,5,2,0,8,8,0,8,0,0,8,8,2023-09-29
xristos_koutsopoulos,2,1,-43,60,17,0,3,2,3,8,5,2023-09-18
fasinos,5,2,17,2,19,0,8,0,0,8,8,2023-09-04
spuros12334556,5,2,16,4,20,0,7,0,1,8,7,2023-09-03
aristidis_agathagelidis,5,2,16,2,18,1,8,0,0,8,8,2023-08-11
Savvas_Aslanidis,4,1,3,2,5,0,8,0,0,8,8,2023-08-10
Michalis_Spantidakis,4,1,9,2,11,1,7,0,0,7,7,2023-08-01
Panagiotis 123,4,1,2,10,12,0,7,0,1,8,7,2023-07-17
Vasilis_Gravanis,5,2,26,2,28,0,8,0,0,8,8,2023-06-26
Darylgrime,5,2,2,0,2,0,7,0,1,8,7,2024-02-11
Rena_Papadopoulou6346,2,1,-13,15,2,0,3,4,1,8,7,2024-01-29
MANOS_DEREKAS,3,0,-22,30,8,0,5,2,1,8,7,2023-12-20
spirospa,1,2,-21,25,4,0,0,8,0,8,8,2023-12-11
xristos_koutsopoulos,2,1,-42,59,17,0,3,2,3,8,5,2023-09-18
Konstantinos_Tsitiridis,3,0,-66,90,24,0,4,1,3,8,5,2023-06-08
Rena_Papadopoulou6346,2,1,-14,17,3,0,3,4,1,8,7,2024-01-29
Apo*,5,2,0,8,8,0,2,0,0,2,2,2023-09-29
Theofanis_Paraskevaidis,2,1,1,0,1,0,1,3,4,8,4,2023-12-28
THiseas_Papadopoulos29,3,0,-1,2,1,1,3,2,2,7,5,2023-05-09
dimitris_tsioulis7160,5,2,0,0,0,0,8,0,0,8,8,2023-01-16
THanasis_Kapousidis,2,1,-4,8,4,0,2,0,6,8,2,2022-12-26
Grigoris_Karypidis4864,5,2,-2,2,0,0,5,0,3,8,5,2022-12-24
giorgos_pap1977,4,1,1,0,1,1,5,0,3,8,5,2022-11-06
Tatiana_Syrigou,4,1,-1,1,0,0,1,1,6,8,2,2022-10-15
nikosrita87,2,1,1,0,1,1,7,1,0,8,8,2022-09-10
Panos_Mouselinos,5,2,1,0,1,0,8,0,0,8,8,2022-09-07
dimtraxiotis,3,0,0,0,0,0,7,0,1,8,7,2022-08-31
James_Black,3,0,2,0,2,1,6,0,2,8,6,2022-08-20
Markos_Mavrotelis,4,1,0,0,0,0,7,0,1,8,7,2022-08-20
pkout,3,0,3,2,5,1,4,1,3,8,5,2022-08-15
ΧΑΡΗΣ.ΙΣ,1,2,6,0,6,0,1,7,0,8,8,2022-08-05
Our_buisnes_s,5,2,-2,3,1,1,8,0,0,8,8,2022-08-04
Ksexasa,1,2,6,0,6,0,7,0,1,8,7,2022-08-03
Stefanos_Fougias,1,2,6,0,6,0,7,1,0,8,8,2022-07-27
fotispro18,1,2,7,0,7,0,4,1,3,8,5,2022-07-21
Rafail_Agelos_THemelis,5,2,0,0,0,0,7,0,1,8,7,2022-07-19
paminos_Tech,1,2,7,0,7,0,5,0,3,8,5,2022-07-03
Nick_the_greek9077,2,1,0,0,0,0,7,0,1,8,7,2022-07-01
Aris6587,1,2,3,0,3,0,7,0,1,8,7,2022-06-30
Spyros_Konstantinidis1307,4,1,-1,1,0,0,6,0,2,8,6,2022-06-20
Simakii,2,1,1,0,1,0,3,3,2,8,6,2022-06-15
b_giannios,2,1,2,1,3,0,8,0,0,8,8,2022-06-09
Basileios_Mouratidhs,5,2,1,0,1,0,5,0,3,8,5,2022-05-18
Johan_Kak,1,2,9,3,12,0,7,1,0,8,8,2022-05-09
bouzoukokatastasi_bouzoukokata,5,2,1,0,1,0,8,0,0,8,8,2022-05-08
konthen2622,1,2,-1,2,1,0,2,2,4,8,4,2023-08-15
manostanas,4,1,0,0,0,0,5,0,3,8,5,2023-07-23
nikos ktistakis,1,2,2,1,3,0,0,5,3,8,5,2023-06-08
aimilios xaritos,4,1,1,0,1,0,5,1,2,8,6,2023-02-11
Dimitris_Paylidis2067,2,1,-2,4,2,0,1,4,3,8,5,2022-12-13
porto7,5,2,-7,9,2,0,8,0,0,8,8,2022-12-13
c0stakis,4,1,-1,2,1,1,7,0,1,8,7,2022-12-05
CHristos_Leontopoulos8530,5,2,4,1,5,0,8,0,0,8,8,2022-11-09
Βασίλης Λυμπε,3,0,3,4,7,0,2,2,4,8,4,2022-11-04
antwniaki,2,1,-5,6,1,0,0,5,3,8,5,2022-10-19
Memes_Are_me,2,1,5,3,8,0,4,1,3,8,5,2022-10-11
stergini_GR,5,2,2,0,2,1,8,0,0,8,8,2022-10-04
silioscap,2,1,-2,9,7,0,1,4,3,8,5,2022-09-24
G1anak1s,5,2,6,0,6,1,8,0,0,8,8,2022-09-24
aaandreas0991,3,0,4,0,4,1,4,0,4,8,4,2022-09-22
kostas_fragos95,3,0,3,0,3,0,4,1,3,8,5,2022-09-09
Γιώργος Pkts,5,2,4,3,7,1,8,0,0,8,8,2022-08-04
tsimpnikos,5,2,6,1,7,1,6,0,2,8,6,2022-07-26
Flavio_Halili,4,1,4,2,6,0,8,0,0,8,8,2022-07-15
kourtina74,4,1,-2,6,4,1,7,0,1,8,7,2022-07-05
geokar23,1,2,-5,10,5,0,2,1,5,8,3,2022-07-03
Kostas_Spiliopoulos3904,1,2,-12,17,5,0,4,1,2,7,5,2022-06-12
Giorgos_Ren,5,2,2,2,4,1,6,0,1,7,6,2022-05-31
bernikolaschamp1992,1,2,-2,12,10,0,0,5,3,8,5,2022-05-02
athanasiosiasonas,4,1,-3,7,4,0,4,0,4,8,4,2022-04-20
Pierre34,3,0,13,1,14,0,7,0,0,7,7,2022-04-18
drakem43,2,1,-7,10,3,1,7,1,0,8,8,2022-04-11
KostasBoutsas,5,2,13,2,15,1,6,0,2,8,6,2022-03-28
Elenigrgr,5,2,17,2,19,0,8,0,0,8,8,2022-03-11
Gab_Ts,4,1,1,0,1,0,7,0,1,8,7,2024-02-01
gottobebh,5,2,-1,1,0,0,6,0,0,6,6,2023-01-18
dinos_stone,3,0,-1,4,3,1,3,1,4,8,4,2022-07-06
kostas_fragos95,2,1,3,1,4,1,5,1,2,8,6,2022-05-14
stelmel321,1,2,-9,14,5,1,5,3,0,8,8,2022-03-01
Grig0ris_K,4,1,1,7,8,0,4,0,2,6,4,2021-10-29
alexandrosemperor8,5,2,1,4,5,0,8,0,0,8,8,2021-10-13
gkleidaras,5,2,2,0,2,0,8,0,0,8,8,2024-03-07
Don.Cristos.,5,2,5,1,6,1,6,0,2,8,6,2024-02-07
alfotis,4,1,-2,5,3,1,5,0,3,8,5,2024-02-06
Peter_topouzis9920,4,1,-2,4,2,1,7,0,1,8,7,2024-01-25
grigorios_platis,5,2,12,5,17,1,8,0,0,8,8,2023-11-14
Myrto_Vrav,2,1,-16,25,9,0,4,3,0,7,7,2023-03-26
Don.Cristos.,5,2,4,1,5,1,6,0,2,8,6,2024-02-07
alfotis,4,1,-3,5,2,1,5,0,3,8,5,2024-02-06
Peter_topouzis9920,4,1,-1,3,2,1,7,0,1,8,7,2024-01-25
grigorios_platis,5,2,13,4,17,1,8,0,0,8,8,2023-11-14
Myrto_Vrav,2,1,-15,24,9,0,4,3,0,7,7,2023-03-26
Efty pet,5,2,1,1,2,1,4,0,4,8,4,2024-01-20
Konstantinos_Glentis,5,2,1,11,12,1,8,0,0,8,8,2023-10-17
IGE,5,2,4,0,4,1,8,0,0,8,8,2023-08-09
S0f0klis,4,1,4,0,4,0,7,0,1,8,7,2023-02-28
penny_papageorgiou_princessgr,5,2,1,3,4,1,8,0,0,8,8,2023-02-17
Andrew_Katsiaras,5,2,-5,6,1,1,6,0,2,8,6,2023-02-14
Leyteris_Koufopoulos2082,5,2,1,3,4,0,8,0,0,8,8,2023-01-30
PANAGIOTIS sira,5,2,8,1,9,0,6,0,2,8,6,2022-11-24
Emil82,5,2,1,4,5,0,6,0,2,8,6,2022-09-27
THeodoros_Petrou,1,2,-9,21,12,0,3,5,0,8,8,2022-09-22
Mimi_Mayrogianni,3,0,-21,26,5,1,5,0,2,7,5,2022-09-22
Johnpan83,5,2,16,8,24,0,8,0,0,8,8,2022-08-28
chris_afxon,5,2,0,3,3,0,6,0,1,7,6,2022-06-18
Manos_Bekhs,5,2,-1,12,11,1,8,0,0,8,8,2022-06-15
GEORGIOS_DEMEROUDIS,5,2,15,9,24,0,8,0,0,8,8,2022-05-19
manosvlachos2003,5,2,19,3,22,0,7,0,1,8,7,2022-04-05
ChrisVag,3,0,-34,53,19,1,3,2,2,7,5,2022-03-28
penny_papageorgiou_princessgr,5,2,0,4,4,1,8,0,0,8,8,2023-02-17
huggy_john,4,1,1,0,1,0,6,0,2,8,6,2023-11-12
1972geo,3,0,0,1,1,1,2,0,6,8,2,2023-10-29
Alex_Dal1,5,2,-1,1,0,0,6,0,2,8,6,2023-10-08
Ellia_Vlachou,2,1,-1,1,0,0,2,1,4,7,3,2023-10-01
Filippos_Kehagias,5,2,-1,1,0,0,6,0,2,8,6,2023-09-30
ΕΛΕΝΗΜ,3,0,0,2,2,1,3,0,5,8,3,2023-04-01
dorosgrion,2,1,0,0,0,1,5,1,2,8,6,2023-03-13
Markella_Kyprioti,3,0,-1,1,0,1,1,1,6,8,2,2023-02-14
gfarsarakis,4,1,0,0,0,1,5,0,3,8,5,2023-02-11
Alexis_Arvanitis,5,2,5,1,6,1,8,0,0,8,8,2022-12-02
dora_leonidou,5,2,-8,13,5,1,7,0,1,8,7,2022-09-22
a_spyropoulos,4,1,9,0,9,0,6,1,1,8,7,2022-09-20
adampatrikios,5,2,2,2,4,1,8,0,0,8,8,2022-09-07
Petgamer_Gr,5,2,-3,3,0,1,7,0,1,8,7,2022-09-05
kokkalasn,5,2,3,4,7,0,8,0,0,8,8,2022-08-26
Νίκος Μπ.,2,1,-9,14,5,0,2,2,4,8,4,2022-08-22
dpapan,4,1,0,2,2,1,6,0,2,8,6,2022-08-03
Dimitra_Gk.,2,1,-5,13,8,1,1,2,4,7,3,2022-07-31
Giannis_Koumis,3,0,0,8,8,1,2,2,4,8,4,2022-07-05
Giota_Boura89,2,1,4,11,15,0,1,4,3,8,5,2022-06-24
gram.26,5,2,-2,6,4,0,6,0,2,8,6,2022-06-16
dimitris.karasmailis,3,0,2,8,10,1,3,2,3,8,5,2022-06-14
Popi_Adamopoulou,4,1,1,7,8,0,3,1,4,8,4,2022-05-17
akis.pap,5,2,11,6,17,0,8,0,0,8,8,2022-04-21
ifivo88_ifivo88,4,1,0,0,0,1,6,0,2,8,6,2024-02-13
Not_Mimis,4,1,0,0,0,0,4,2,2,8,6,2024-02-02
lakpol1,4,1,0,0,0,1,7,0,1,8,7,2024-01-23
C_N__Romesis,5,2,-1,1,0,1,5,0,2,7,5,2024-01-23
gepapa38,5,2,-2,3,1,1,6,0,0,6,6,2024-01-10
kozidis1,1,2,-8,8,0,1,1,3,4,8,4,2023-12-19
Serenomas,3,0,4,1,5,0,3,3,2,8,6,2023-11-29
Teo_Liv,5,2,3,0,3,1,8,0,0,8,8,2023-11-21
giannhsmatza1,5,2,0,0,0,1,5,0,3,8,5,2023-11-06
TACCO_CCW,3,0,-19,19,0,1,3,0,5,8,3,2023-10-24
ggian.grs,4,1,-9,9,0,1,3,0,4,7,3,2023-09-19
matersci,4,1,0,3,3,0,4,1,2,7,5,2023-09-04
Joanna_Souranidi,4,1,-1,3,2,0,5,0,3,8,5,2023-09-01
vapishclaw,5,2,-19,21,2,0,7,0,1,8,7,2023-08-03
Fani_K,5,2,9,1,10,1,6,0,2,8,6,2023-07-25
ISIDOROS_FLYTZANIS,4,1,5,3,8,1,6,0,1,7,6,2023-07-12
Chrysovalantis Mon,5,2,8,0,8,1,6,0,0,6,6,2023-06-15
Joanna_Strat,5,2,2,2,4,1,7,0,0,7,7,2023-04-27
J.J.,4,1,17,1,18,0,5,1,2,8,6,2023-04-25
dns_23_gr,2,1,-12,23,11,1,6,0,2,8,6,2023-04-11
tperikles,4,1,4,1,5,1,5,0,3,8,5,2023-03-28
CHRONOSGR,5,2,29,4,33,0,8,0,0,8,8,2023-03-12
Dimitris_Sot,5,2,1,2,3,1,7,0,1,8,7,2023-02-24
netrebelos,5,2,4,3,7,1,4,1,2,7,5,2023-02-13
[email protected],5,2,-2,4,2,1,6,0,2,8,6,2023-01-24
Mitsos_D,5,2,6,2,8,1,5,0,2,7,5,2023-01-18
TACCO_CCW,3,0,-20,20,0,1,3,0,5,8,3,2023-10-24
nick_pilos,5,2,0,0,0,1,8,0,0,8,8,2024-03-05
stex,5,2,0,0,0,1,5,0,3,8,5,2024-02-23
Pantelis_150,5,2,0,0,0,0,8,0,0,8,8,2024-02-23
Titos 16,5,2,1,0,1,1,8,0,0,8,8,2024-02-21
gseggos,5,2,0,0,0,1,7,0,0,7,7,2024-02-13
toscas.g,4,1,-1,1,0,1,7,0,1,8,7,2024-02-07
Serenomas,2,1,2,0,2,0,1,3,4,8,4,2024-02-04
Sotiris_Sianos,5,2,1,0,1,1,7,0,1,8,7,2024-01-30
sotiris.konstantinidis.9,5,2,1,0,1,1,8,0,0,8,8,2024-01-23
tasaras_papas,5,2,3,0,3,0,8,0,0,8,8,2024-01-16
Theodor_Zeis,5,2,0,0,0,1,8,0,0,8,8,2024-01-02
The_Lock,5,2,0,4,4,0,8,0,0,8,8,2024-01-01
Ρωμανός Ιωαννίδης,4,1,3,0,3,0,6,0,2,8,6,2023-12-30
Nikan_21,2,1,-4,10,6,0,2,2,4,8,4,2023-12-28
leo99,5,2,14,0,14,0,8,0,0,8,8,2023-12-09
chryssa_nikaki,3,0,0,0,0,1,5,1,2,8,6,2023-12-06
Babis_Efthimiou62,5,2,2,0,2,1,8,0,0,8,8,2023-10-09
K__Korovesis,4,1,3,1,4,1,5,0,3,8,5,2023-09-27
dimand55,5,2,2,2,4,1,8,0,0,8,8,2023-09-26
Giorgos Emm,5,2,7,0,7,1,6,0,1,7,6,2023-09-11
ErikSK,5,2,1,0,1,1,7,0,1,8,7,2023-09-06
Thanasis.tsouris,2,1,0,0,0,1,2,2,4,8,4,2023-08-27
tsakalidise,2,1,-17,19,2,1,0,1,7,8,1,2023-08-22
Atlas Travel Services,4,1,-8,12,4,1,3,0,5,8,3,2023-06-13
vasilis_drosiou,5,2,-1,1,0,0,8,0,0,8,8,2023-05-27
Panagiotis_Petrou_,5,2,-4,5,1,1,5,0,3,8,5,2023-04-27
ion-kyprioti,5,2,2,1,3,1,8,0,0,8,8,2023-04-23
Lidia6_Games,5,2,1,0,1,0,7,0,0,7,7,2023-04-21
Titos 16,5,2,0,0,0,1,8,0,0,8,8,2024-02-21
Serenomas,2,1,1,0,1,0,1,3,4,8,4,2024-02-04
Sotiris_Sianos,5,2,0,0,0,1,7,0,1,8,7,2024-01-30
PANOS_MESSIOS,5,2,9,1,10,0,7,0,0,7,7,2023-03-25
Giannis_Konstantopoulos7523,5,2,4,0,4,0,8,0,0,8,8,2024-03-08
makisgoril1970,5,2,4,0,4,0,7,0,1,8,7,2024-03-08
nearesi086987,4,1,1,1,2,0,8,0,0,8,8,2024-02-29
FOTIS_ZOURIDIS,1,2,-10,15,5,1,6,2,0,8,8,2024-02-27
jim_dlu,5,2,8,2,10,0,8,0,0,8,8,2024-02-17
Mad_Leo,5,2,13,2,15,1,6,0,2,8,6,2024-02-11
jkatikas,5,2,12,1,13,0,6,0,2,8,6,2024-02-05
Paschalis_Reporter,3,0,-8,14,6,1,7,0,0,7,7,2024-01-30
[email protected],5,2,19,3,22,0,8,0,0,8,8,2024-01-18
Giannis_Konstantopoulos7523,5,2,3,0,3,0,8,0,0,8,8,2024-03-08
makisgoril1970,5,2,3,0,3,0,7,0,1,8,7,2024-03-08
nearesi086987,4,1,0,1,1,0,8,0,0,8,8,2024-02-29
FOTIS_ZOURIDIS,1,2,-11,15,4,1,6,2,0,8,8,2024-02-27
jim_dlu,5,2,7,2,9,0,8,0,0,8,8,2024-02-17
Mad_Leo,5,2,12,2,14,1,6,0,2,8,6,2024-02-11
[email protected],5,2,18,3,21,0,8,0,0,8,8,2024-01-18
Giannis_Konstantopoulos7523,5,2,5,0,5,0,8,0,0,8,8,2024-03-08
makisgoril1970,5,2,5,0,5,0,7,0,1,8,7,2024-03-08
jkatikas,5,2,13,1,14,0,6,0,2,8,6,2024-02-05
Paschalis_Reporter,3,0,-9,15,6,1,7,0,0,7,7,2024-01-30
p_iliadis09,5,2,0,0,0,0,8,0,0,8,8,2024-03-05
elenik8213,5,2,1,0,1,0,8,0,0,8,8,2024-02-23
Tasos_Miskedakis,5,2,7,1,8,0,8,0,0,8,8,2022-05-31
PgK_Junior,4,1,1,1,2,1,7,0,1,8,7,2022-05-06
apostolosmpeleniotes,5,2,4,1,5,1,8,0,0,8,8,2022-04-02
Maldas,4,1,0,2,2,0,7,0,1,8,7,2022-03-06
kmpalanikas,5,2,6,0,6,0,8,0,0,8,8,2022-02-20
tzimakos98,4,1,2,3,5,1,8,0,0,8,8,2022-02-02
agnwstos...,4,1,5,0,5,1,7,0,1,8,7,2022-01-20
Sakis_Konstantinidis41,5,2,6,0,6,1,8,0,0,8,8,2022-01-06
Nikos_K_83,2,1,-5,7,2,1,4,1,3,8,5,2022-01-04
Giwrgos_Terzis4955,5,2,6,0,6,0,7,0,1,8,7,2021-12-15
themisious,4,1,-1,5,4,1,7,0,1,8,7,2021-12-11
damiano1127,4,1,3,3,6,0,5,0,3,8,5,2021-12-09
Maraki__Swag__Yolo,5,2,9,1,10,0,6,0,1,7,6,2021-11-24
Genti_Dedaj,5,2,7,1,8,1,8,0,0,8,8,2021-11-21
egw_eimai_autos,1,2,-3,12,9,0,5,2,1,8,7,2021-10-26
dimtsim9,1,2,3,8,11,0,3,4,1,8,7,2021-10-22
costas_deve,4,1,2,1,3,0,5,0,3,8,5,2021-10-10
bob_varsamis,1,2,-5,11,6,0,1,4,3,8,5,2021-09-26
iManos,4,1,1,4,5,0,7,0,1,8,7,2021-09-24
PANAGIOTES_Kontos,5,2,7,1,8,1,6,0,2,8,6,2021-09-20
karofyllidisxristos,3,0,-1,3,2,1,4,1,3,8,5,2021-08-31
Lazos_Lazos698,2,1,4,2,6,0,6,1,1,8,7,2021-08-27
Paris_Giatas,2,1,0,0,0,1,2,1,5,8,3,2024-02-26
MICHAIL_VOUTSIDIS,4,1,0,0,0,0,7,0,1,8,7,2024-01-27
Rkudos,5,2,1,1,2,0,8,0,0,8,8,2024-01-20
Xeno_fon,4,1,0,0,0,0,5,0,1,6,5,2024-01-16
stelios_stelios6448,5,2,0,0,0,0,8,0,0,8,8,2024-01-13
Vaggelis_Tsiar,2,1,2,1,3,0,3,1,4,8,4,2024-01-05
xristos_mitioudis113,1,2,-1,3,2,0,5,1,2,8,6,2023-12-26
vasiliskrs,4,1,5,1,6,0,5,0,3,8,5,2023-12-20
Maria_Kataxenou,3,0,3,0,3,0,6,0,1,7,6,2023-12-18
antonisstama23,1,2,1,1,2,0,0,3,5,8,3,2023-12-17
pantel!ss,3,0,0,1,1,0,7,0,1,8,7,2023-12-16
DionisisMou,1,2,3,1,4,0,4,1,3,8,5,2023-12-14
oudeteros,5,2,1,0,1,0,7,0,0,7,7,2023-12-14
van_kotsias,5,2,3,1,4,0,8,0,0,8,8,2023-12-12
thanosg1,4,1,2,1,3,0,6,0,2,8,6,2023-11-17
giannhs_athens,1,2,8,1,9,0,7,1,0,8,8,2023-11-10
spiros_liakopoulos,1,2,-4,5,1,0,1,4,3,8,5,2023-10-26
Chris_Chatziantoniou,5,2,5,2,7,0,8,0,0,8,8,2023-10-23
xristakis_korinthos,4,1,3,2,5,0,2,0,6,8,2,2023-10-14
Zisis_Papadopoulos,4,1,1,1,2,0,8,0,0,8,8,2023-10-13
Stratos_Stroumpoulis,1,2,3,1,4,0,6,1,1,8,7,2023-10-12
PSjD__,5,2,0,2,2,0,8,0,0,8,8,2023-10-12
Despoina_A56,1,2,5,1,6,0,2,2,4,8,4,2023-09-16
efthimiosha,1,2,1,9,10,1,0,1,7,8,1,2023-09-07
efthimiosha,1,2,-3,10,7,1,0,4,4,8,4,2023-09-07
Άγγελος Σγάρτσος,5,2,-1,1,0,0,7,0,1,8,7,2023-08-23
Alexander_iliadis,4,1,2,0,2,1,7,0,1,8,7,2023-08-20
G2ER..,5,2,1,1,2,0,8,0,0,8,8,2023-07-29
kostas_tsilonis,5,2,1,0,1,1,7,0,1,8,7,2024-03-17
Elenouka7,3,0,1,0,1,0,6,0,2,8,6,2024-02-23
Dimi_Pap10,3,0,-2,7,5,0,3,1,4,8,4,2023-12-16
Panagiotis_Ratzas,1,2,3,2,5,0,0,1,7,8,1,2023-12-07
pantel!ss,4,1,2,1,3,0,7,0,1,8,7,2023-10-26
chromatopolis,5,2,6,0,6,1,8,0,0,8,8,2023-09-25
anais_Xatzialexandrou,3,0,0,6,6,0,6,0,2,8,6,2023-09-25
DimSam3,4,1,2,0,2,1,6,0,2,8,6,2023-09-19
Sokratis007,2,1,5,1,6,0,4,1,3,8,5,2023-09-07
Tatis_Droulinos,4,1,1,0,1,0,5,1,2,8,6,2023-09-01
kotsioufo2,4,1,2,0,2,0,0,0,0,0,0,2023-08-30
It's Taf Taf,1,2,5,0,5,0,4,1,3,8,5,2023-08-26
Ioannis_Mystegniotelis,1,2,4,1,5,0,6,1,1,8,7,2023-08-16
mixalis_mavraganis72,1,2,6,3,9,0,0,1,0,1,1,2023-07-31
EYTHYMIS_KALTSIDIS,4,1,1,1,2,0,6,0,2,8,6,2023-07-20
Atairiastosss,4,1,1,0,1,0,5,0,0,5,5,2023-07-20
nicolemit,2,1,0,2,2,0,6,0,2,8,6,2023-07-13
Mark_Ch,2,1,-4,8,4,1,6,1,1,8,7,2023-06-23
Koulara_Kroft,1,2,1,0,1,0,3,2,3,8,5,2023-06-07
George_Gamer5,4,1,4,1,5,0,4,0,4,8,4,2023-06-04
DNS42,2,1,0,5,5,0,6,0,2,8,6,2023-05-31
Giwrgosda,1,2,-13,18,5,0,1,4,3,8,5,2023-05-28
Paul_Nissianakis,1,2,5,5,10,0,6,1,1,8,7,2023-05-27
Paradosiako_xyrisma,3,0,-5,8,3,0,2,3,3,8,5,2023-05-20
Konstantinos_Glentis,3,0,0,0,0,1,6,0,2,8,6,2023-12-05
ilias_Iatridis6288,2,1,0,0,0,0,1,3,4,8,4,2023-10-31
Rena_Papadaki26,2,1,0,0,0,0,1,2,5,8,3,2023-10-12
SteXan,4,1,1,0,1,0,6,0,2,8,6,2023-08-14
Vasileios_Karanasios,1,2,2,3,5,0,1,6,1,8,7,2023-07-05
Giorgostil,4,1,1,0,1,1,4,1,3,8,5,2023-06-14
giannisdil79,5,2,1,0,1,0,7,0,1,8,7,2023-05-23
Manozzzz,4,1,0,2,2,0,6,0,2,8,6,2023-04-22
MagicWave_Channel,5,2,0,1,1,1,6,2,0,8,8,2023-03-09
Giorgos_Symeonidis32,1,2,1,0,1,1,2,2,4,8,4,2023-03-07
Efi_Retsi,1,2,-2,3,1,0,0,5,3,8,5,2023-03-07
Marios_Karamanis,5,2,-6,7,1,1,8,0,0,8,8,2023-02-28
dimitrouli8312,5,2,13,0,13,0,6,0,2,8,6,2023-01-12
angeliki_gioti,4,1,-8,10,2,0,4,0,3,7,4,2023-01-11
noralampiri21,3,0,1,10,11,0,4,2,2,8,6,2022-11-14
ratm_nikos,2,1,-5,23,18,0,3,3,2,8,6,2022-10-24
petrosbev,4,1,1,7,8,1,6,0,1,7,6,2022-09-30
georgios.galanopoulos,5,2,18,3,21,0,8,0,0,8,8,2022-09-09
CHristos_Dimitriadis2307,5,2,7,4,11,0,7,0,1,8,7,2022-08-25
Aleksi_Triatafilos,5,2,5,10,15,0,6,0,2,8,6,2022-08-18
Giwrgos_Mikroulis,2,1,-13,22,9,0,4,3,1,8,7,2022-08-11
VagosTech,2,1,7,15,22,0,3,3,2,8,6,2022-08-08
dionisisz1974,2,1,12,8,20,0,0,0,1,1,0,2022-07-20
KsAntonis,4,1,-13,24,11,0,6,0,1,7,6,2022-06-26
christadile,5,2,10,5,15,0,7,0,1,8,7,2022-06-12
Manoskr,1,2,61,30,91,0,3,2,3,8,5,2022-03-29
geodarras,5,2,2,0,2,1,8,0,0,8,8,2024-02-26
NeverCrack,4,1,1,0,1,0,6,0,2,8,6,2024-02-10
Giorgos Petsi,5,2,1,0,1,1,5,2,1,8,7,2024-01-30
konstant,5,2,2,3,5,1,8,0,0,8,8,2024-01-18
xdinos,5,2,5,3,8,1,5,0,3,8,5,2023-12-20
Ioanna_Sevastiadi,5,2,3,2,5,1,8,0,0,8,8,2023-12-19
stefanakos78,2,1,2,16,18,0,3,3,2,8,6,2023-10-22
bill272,4,1,3,8,11,0,5,0,2,7,5,2023-10-10
kostasmichaleas,3,0,-3,9,6,1,2,2,4,8,4,2023-10-03
nikolas_magafas,2,1,5,9,14,0,2,2,4,8,4,2023-09-25
fsinaraku,3,0,-2,9,7,1,0,0,8,8,0,2023-09-17
ant_mpi,4,1,14,3,17,0,4,0,4,8,4,2023-08-26
Theodore_Chatzipavlidis,2,1,18,4,22,0,6,0,2,8,6,2023-08-14
Katerina_Papadopoulou66,3,0,12,1,13,0,3,2,3,8,5,2023-08-13
ΚΩΣΤΑΣΚΑ,3,0,12,2,14,0,3,2,1,6,5,2023-08-06
mixalos92,4,1,5,1,6,1,8,0,0,8,8,2023-07-26
tzanis_skagias,4,1,0,3,3,1,5,0,2,7,5,2023-06-28
Aggelos_Kanis,3,0,7,0,7,1,3,0,5,8,3,2023-06-27
dpyval,5,2,6,4,10,0,8,0,0,8,8,2023-06-11
kwnstantina_tm,5,2,9,2,11,0,8,0,0,8,8,2023-05-12
Penelope_G,3,0,14,2,16,0,5,0,3,8,5,2023-05-02
Dimitris_Mpourlis8109,4,1,6,2,8,0,7,0,1,8,7,2023-04-21
Nik_Mavromanolakis,4,1,7,2,9,0,7,0,1,8,7,2023-04-16
ampalaeo,4,1,14,4,18,1,8,0,0,8,8,2023-03-22
Dimosthenis_Tsatsos,5,2,-10,15,5,0,8,0,0,8,8,2023-03-09
Dimitris_Savvopoulos1323,5,2,-6,12,6,1,4,0,3,7,4,2023-03-06
stefanakos78,2,1,1,16,17,0,3,3,2,8,6,2023-10-22
nikolas_magafas,2,1,6,8,14,0,2,2,4,8,4,2023-09-25
fsinaraku,3,0,-3,9,6,1,0,0,8,8,0,2023-09-17
ant_mpi,4,1,13,3,16,0,4,0,4,8,4,2023-08-26
Theodore_Chatzipavlidis,2,1,17,4,21,0,6,0,2,8,6,2023-08-14
geodarras,5,2,1,0,1,1,8,0,0,8,8,2024-02-26
NeverCrack,4,1,0,0,0,0,6,0,2,8,6,2024-02-10
konstant,5,2,1,3,4,1,8,0,0,8,8,2024-01-18
stefanakos78,2,1,2,15,17,0,3,3,2,8,6,2023-10-22
bill272,4,1,4,7,11,0,5,0,2,7,5,2023-10-10
kostasmichaleas,3,0,-2,8,6,1,2,2,4,8,4,2023-10-03
fsinaraku,3,0,-2,8,6,1,0,0,8,8,0,2023-09-17
ant_mpi,4,1,12,3,15,0,4,0,4,8,4,2023-08-26
gregory.spiggos,3,0,-3,7,4,1,3,0,5,8,3,2024-03-08
pesiridou.eirini,1,2,-5,6,1,1,4,1,3,8,5,2024-03-05
Eir__t,2,1,-1,3,2,0,0,0,0,0,0,2024-03-02
lemoniamisel,1,2,-1,4,3,0,5,0,1,6,5,2024-02-29
PolDor,5,2,6,1,7,0,5,0,2,7,5,2024-02-24
blackwindfireandsteel,5,2,2,1,3,1,7,0,1,8,7,2024-02-22
Antonio_Antonopoulos,3,0,-1,5,4,0,5,1,2,8,6,2024-02-22
kostas1701kiriakidis,5,2,2,0,2,1,8,0,0,8,8,2024-02-16
mikekastam,4,1,1,1,2,1,6,0,2,8,6,2024-02-10
andreas.k.s,5,2,1,2,3,1,6,0,0,6,6,2024-02-07
g_kaltzidou,4,1,2,0,2,0,0,0,0,0,0,2024-02-01
Dimitris_Dimopoulos42,2,1,-1,6,5,0,1,2,5,8,3,2024-01-31
Elena Taralaikou,4,1,1,3,4,0,6,0,2,8,6,2024-01-25
Miltos_gamer_TV,5,2,2,0,2,1,4,0,4,8,4,2024-01-24
bang_min,3,0,-7,10,3,1,5,1,1,7,6,2024-01-21
mariosfilikas,3,0,-3,7,4,0,1,0,7,8,1,2024-01-19
Jason mast ...,2,1,3,2,5,0,3,0,5,8,3,2024-01-19
tsakas_28,5,2,5,1,6,1,8,0,0,8,8,2024-01-19
Giorgos_Polyzogopoulos9943,3,0,-18,23,5,0,3,2,3,8,5,2024-01-17
Petros_Gkouliamanis,5,2,3,0,3,0,8,0,0,8,8,2024-01-16
ariscaz3,5,2,5,2,7,0,8,0,0,8,8,2024-01-16
Panos Uruci,4,1,1,1,2,1,6,0,2,8,6,2024-01-15
gtapin,2,1,-19,23,4,0,5,2,1,8,7,2024-01-12
Manos_Bekhs,5,2,5,0,5,0,8,0,0,8,8,2024-01-10
giannis_tho,4,1,-3,6,3,1,7,0,1,8,7,2024-01-07
Herculesastr,5,2,6,0,6,0,8,0,0,8,8,2024-01-04
panosangel,4,1,4,1,5,1,4,0,3,7,4,2024-01-04
ira-bora,5,2,2,1,3,1,8,0,0,8,8,2024-01-02
Nikos_Alivas__Nikos235_,4,1,-24,24,0,1,4,0,0,4,4,2023-12-26
giannis_tho,4,1,-3,6,3,1,7,0,1,8,7,2024-01-07
panosangel,4,1,4,1,5,1,4,0,3,7,4,2024-01-04
George Savvou,5,2,5,1,6,0,7,0,1,8,7,2024-03-09
SOKRATIS_TOURAMANIDIS,5,2,5,0,5,0,7,0,1,8,7,2024-03-03
gjn,5,2,-2,5,3,1,6,0,0,6,6,2024-02-23
Giannis_Alexiou4470,4,1,0,7,7,0,7,0,1,8,7,2024-02-21
WILLY_WALLAS,4,1,4,2,6,1,5,0,3,8,5,2024-02-18
JohnnyB_ftw,5,2,11,1,12,0,8,0,0,8,8,2024-02-16
dimitris_apostolidis34,5,2,16,0,16,0,8,0,0,8,8,2024-02-13
panagiwthsb,4,1,5,2,7,0,7,0,1,8,7,2024-02-12
Manolis_Noubidis,5,2,27,3,30,0,6,0,2,8,6,2024-01-18
Eva_Castrouni,5,2,0,0,0,1,7,0,1,8,7,2024-03-19
Dj_Lsd,5,2,0,0,0,0,6,0,2,8,6,2024-03-19
George Savvou,5,2,6,2,8,0,7,0,1,8,7,2024-03-09
SOKRATIS_TOURAMANIDIS,5,2,5,1,6,0,7,0,1,8,7,2024-03-03
Giannis_Alexiou4470,4,1,-3,10,7,0,7,0,1,8,7,2024-02-21
WILLY_WALLAS,4,1,3,3,6,1,5,0,3,8,5,2024-02-18
dimitris_apostolidis34,5,2,15,1,16,0,8,0,0,8,8,2024-02-13
panagiwthsb,4,1,4,3,7,0,7,0,1,8,7,2024-02-12
George Savvou,5,2,5,2,7,0,7,0,1,8,7,2024-03-09
SOKRATIS_TOURAMANIDIS,5,2,4,1,5,0,7,0,1,8,7,2024-03-03
Giannis_Alexiou4470,4,1,-2,9,7,0,7,0,1,8,7,2024-02-21
George Savvou,5,2,4,1,5,0,7,0,1,8,7,2024-03-09
SOKRATIS_TOURAMANIDIS,5,2,4,0,4,0,7,0,1,8,7,2024-03-03
gjn,5,2,-1,4,3,1,6,0,0,6,6,2024-02-23
Giannis_Alexiou4470,4,1,1,6,7,0,7,0,1,8,7,2024-02-21
WILLY_WALLAS,4,1,3,2,5,1,5,0,3,8,5,2024-02-18
steve.agiaso,5,2,2,0,2,0,8,0,0,8,8,2024-03-16
Substantial_guy_,5,2,9,0,9,1,8,0,0,8,8,2024-03-14
Fotis Spatharakis,4,1,2,2,4,1,4,0,4,8,4,2024-03-13
ΠΑΠΑΚΩΝΣΤΑΝΤΙΝΟΥ,4,1,2,1,3,0,6,0,2,8,6,2024-03-12
giorgostrikala94,5,2,8,0,8,0,7,0,1,8,7,2024-03-10
xar_kaz,5,2,8,1,9,0,8,0,0,8,8,2024-03-05
rafael10127,5,2,14,0,14,0,7,0,1,8,7,2024-02-29
Giannis_Panagopoulos5372,5,2,12,14,26,0,8,0,0,8,8,2024-02-27
markos_raptis69,5,2,6,2,8,0,8,0,0,8,8,2024-02-25
cretanrifleace,5,2,6,4,10,1,8,0,0,8,8,2024-02-20
themischristopoulos,4,1,7,2,9,1,7,0,1,8,7,2024-02-15
yanniskaramanos,5,2,-1,8,7,0,8,0,0,8,8,2024-02-11
ldoukas1985,5,2,15,3,18,1,8,0,0,8,8,2024-01-29
ekpalagad10,5,2,14,5,19,0,8,0,0,8,8,2024-01-24
steve.agiaso,5,2,3,0,3,0,8,0,0,8,8,2024-03-16
Substantial_guy_,5,2,10,0,10,1,8,0,0,8,8,2024-03-14
molivos,4,1,0,0,0,0,3,0,5,8,3,2024-02-11
Γιάννης Ρουσακακης,3,0,1,1,2,0,3,2,3,8,5,2023-11-18
Michalis_Tsengal,4,1,0,1,1,1,8,0,0,8,8,2023-10-24
dakis13,1,2,-1,2,1,0,2,4,2,8,6,2023-09-22
giorgos_tsimirikas,1,2,-1,3,2,0,0,7,1,8,7,2023-08-18
Nick_Tava,2,1,-3,5,2,0,1,4,3,8,5,2023-07-15
elena_kavadia,5,2,1,1,2,1,8,0,0,8,8,2023-07-04
IOUL7002KT,2,1,-1,3,2,1,3,2,3,8,5,2023-07-02
PASCHALIS_TERZIS,2,1,0,2,2,0,0,4,4,8,4,2023-05-05
skiouraki_007,1,2,-2,6,4,0,0,6,2,8,6,2023-02-09
Giwrgos_Aslanis,5,2,1,0,1,0,8,0,0,8,8,2023-01-28
Souzanna_Liatsou,3,0,1,0,1,1,3,1,3,7,4,2023-01-24
mpiskoto_2ndchanel,5,2,-2,5,3,0,8,0,0,8,8,2023-01-18
thodoris1978,3,0,4,0,4,0,5,1,2,8,6,2023-01-10
allen-1,5,2,-2,2,0,1,8,0,0,8,8,2022-12-21
konstantina_katsoulaki,4,1,-6,7,1,0,6,0,2,8,6,2022-11-26
Panos_Fortis,5,2,3,0,3,0,8,0,0,8,8,2022-11-04
samartzidiskostas,5,2,10,0,10,0,8,0,0,8,8,2022-09-21
marw71935,4,1,4,1,5,0,5,0,3,8,5,2022-08-23
Νίκος Μιληδάκης,2,1,1,1,2,1,5,2,1,8,7,2023-09-27
mary_v_pink,5,2,2,0,2,1,6,0,0,6,6,2023-09-14
iliasdog99,4,1,3,0,3,1,5,0,3,8,5,2023-08-06
brawl_7386,1,2,-1,1,0,0,0,4,4,8,4,2023-08-02
skiouraki_007,1,2,3,6,9,0,1,5,2,8,6,2023-06-24
Lazaros_71838,3,0,2,0,2,0,6,0,2,8,6,2023-06-09
kikospartal,4,1,3,0,3,1,5,0,3,8,5,2023-05-29
Yanvar,4,1,1,0,1,0,4,1,3,8,5,2023-05-05
Nick_Tava,1,2,-16,16,0,0,1,5,2,8,6,2023-04-29
mariloo48,4,1,-1,2,1,1,7,0,1,8,7,2023-04-18
Nelli_Simpera,5,2,2,1,3,1,6,0,2,8,6,2023-04-04
Maria_Demertzi6752,3,0,-4,4,0,0,4,1,3,8,5,2023-02-01
Aliki_Raptaki,5,2,-1,4,3,0,7,0,1,8,7,2023-01-13
dizastrouskar_,4,1,0,2,2,0,7,0,1,8,7,2023-01-09
Νίκος Μιληδάκης,2,1,2,0,2,1,5,2,1,8,7,2023-09-27
hliasdog,4,1,3,0,3,1,5,0,3,8,5,2023-08-06
NikMos11,5,2,0,1,1,0,8,0,0,8,8,2024-01-23
dukepapas,4,1,0,0,0,0,8,0,0,8,8,2024-01-17
manos_kour9425,3,0,0,0,0,1,4,1,2,7,5,2024-01-16
Giorgos_Patsatsos,5,2,-3,4,1,0,8,0,0,8,8,2023-09-09
kakafonis7,1,2,-5,6,1,0,0,8,0,8,8,2023-08-22
Dimitris_Metallidis52,2,1,1,0,1,1,1,2,5,8,3,2023-06-12
patroklosroutis,3,0,2,0,2,0,2,0,6,8,2,2023-05-15
Mp.access,3,0,7,0,7,1,3,0,5,8,3,2023-04-21
Vasilis_Kovanidis,5,2,4,0,4,1,8,0,0,8,8,2023-01-30
Jason_Danielides,5,2,6,0,6,0,8,0,0,8,8,2023-01-13
Kostas_Theodoridis5,5,2,1,4,5,1,7,0,1,8,7,2022-12-23
maripapamichail,4,1,0,0,0,1,6,0,2,8,6,2024-01-21
Vaggelis_87,1,2,0,0,0,1,3,0,1,4,3,2023-12-05
maripapamichail,4,1,0,0,0,1,5,0,3,8,5,2024-01-21
Pkostas_Papadopoulos,3,0,2,0,2,0,3,1,4,8,4,2023-06-11
mpiskoto_2ndchanel,5,2,1,0,1,0,7,0,1,8,7,2023-01-09
Panos_pallas,1,2,-11,13,2,0,0,7,1,8,7,2022-09-19
gbakas2,2,1,0,2,2,0,2,4,2,8,6,2022-09-17
DimitraTM,4,1,1,1,2,1,8,0,0,8,8,2022-09-13
POOKZ,4,1,4,1,5,1,7,1,0,8,8,2022-08-04
Mastichiosart,5,2,-2,3,1,1,8,0,0,8,8,2022-07-27
Nick_Tava,1,2,-5,7,2,0,2,5,1,8,7,2022-07-20
filaraki77,1,2,-2,6,4,0,0,2,6,8,2,2022-07-18
AlexDour,1,2,-4,5,1,1,5,0,3,8,5,2022-07-07
konstantina_katsoulaki,1,2,-1,3,2,1,3,0,4,7,3,2022-06-16
AlexTopG,5,2,-1,3,2,0,6,0,0,6,6,2022-06-16
Giorgos_Pappos9743,5,2,2,1,3,0,8,0,0,8,8,2022-05-01
Marina_Zouzou,1,2,-1,5,4,0,2,2,1,5,4,2022-04-28
Giorgos_Prokopiou6534,5,2,0,3,3,0,6,0,2,8,6,2022-03-28
Jojefin,5,2,4,1,5,1,5,0,3,8,5,2022-03-12
Effiexp,5,2,2,1,3,0,7,0,0,7,7,2022-02-06
barberixxx,2,1,3,2,5,0,2,1,5,8,3,2022-01-21
Kerasia_Forotzidou,5,2,3,4,7,0,1,1,3,5,2,2022-01-07
Wei0,3,0,-2,6,4,0,3,1,4,8,4,2021-12-29
J_Pap77,5,2,0,5,5,0,6,0,2,8,6,2021-12-18
Kostas_Petridis,4,1,7,1,8,0,5,0,2,7,5,2021-12-12
Abel_Chatzis,5,2,-3,12,9,0,8,0,0,8,8,2021-11-25
Panagiotis_Dukakis,5,2,5,7,12,0,6,0,2,8,6,2021-11-11
J_Pap77,1,2,7,4,11,0,0,8,0,8,8,2021-11-10
vangelis19764238,5,2,8,4,12,0,7,0,1,8,7,2021-10-30
antreas_312,5,2,5,8,13,0,8,0,0,8,8,2021-10-22
Amare69,1,2,2,0,2,0,4,3,1,8,7,2023-10-17
Kostas_Papadopoulos7439,3,0,1,1,2,0,3,1,4,8,4,2023-02-19
Panos_Sakalis_2000,5,2,-1,3,2,0,8,0,0,8,8,2022-12-18
Papy_Boy,3,0,2,1,3,0,1,2,4,7,3,2022-11-12
Agelos_Mposdelekidis,5,2,3,0,3,0,6,0,2,8,6,2022-09-26
Renia_Alexaki,4,1,8,1,9,1,6,0,1,7,6,2022-09-20
eirinital,4,1,2,1,3,0,7,0,1,8,7,2022-09-13
Emmanouela_K,3,0,5,0,5,1,2,1,5,8,3,2022-09-10
Marios_Cako,3,0,0,2,2,1,4,1,3,8,5,2022-09-06
George_Psarakos,5,2,6,0,6,0,6,0,2,8,6,2022-08-18
konstantinakaratzogpou,3,0,1,1,2,0,3,0,5,8,3,2022-08-03
Martin_Rama887,5,2,5,0,5,0,8,0,0,8,8,2022-07-26
_Kalf_,5,2,1,4,5,1,6,0,2,8,6,2022-07-07
evi_1997,5,2,4,4,8,0,8,0,0,8,8,2022-06-17
unicorn_i,5,2,4,0,4,0,8,0,0,8,8,2022-05-27
Basilhs131,4,1,6,0,6,1,5,0,3,8,5,2022-05-03
vtheod69,4,1,8,4,12,0,8,0,0,8,8,2022-03-22
vliorasah,4,1,9,3,12,1,5,0,3,8,5,2022-03-08
vliorasah,4,1,8,0,8,1,5,0,3,8,5,2022-02-25
hristozik,1,2,-5,17,12,1,1,3,4,8,4,2022-02-08
christoskamarinos,5,2,6,2,8,0,7,0,1,8,7,2022-02-06
LORD_YT4687,3,0,-8,11,3,1,3,0,4,7,3,2022-01-25
CHristos_Michailidis53,5,2,4,2,6,1,8,0,0,8,8,2022-01-25
angelosmichelakes7,4,1,6,2,8,1,5,0,3,8,5,2022-01-22
PANOS_MESSIOS,2,1,5,2,7,0,5,0,3,8,5,2022-01-13
Kerasia_Forotzidou,4,1,4,1,5,0,5,0,3,8,5,2022-01-08
Angeloss26,4,1,-1,1,0,0,1,3,3,7,4,2023-10-22
anna8808,1,2,1,0,1,0,0,5,3,8,5,2023-08-24
paradise_theatre,1,2,3,0,3,1,0,3,5,8,3,2023-06-17
Xaroula Syros,1,2,1,1,2,0,0,3,2,5,3,2023-04-30
Dionysis_Smporas,4,1,0,1,1,0,7,0,0,7,7,2023-02-26
Vera_Blue,1,2,2,0,2,0,0,5,3,8,5,2023-02-18
Maria_Panagiotou4221,1,2,3,0,3,1,2,2,3,7,4,2023-02-15
Antigoni_Tsoumani,2,1,2,1,3,0,0,0,0,0,0,2023-01-10
mirror1053,1,2,3,1,4,1,2,6,0,8,8,2022-12-16
01,5,2,3,1,4,1,8,0,0,8,8,2022-10-04
vasilis_kavoura,2,1,-1,1,0,1,3,4,1,8,7,2024-01-29
Teodoros_Papas,4,1,1,0,1,0,3,0,4,7,3,2024-01-23
sinak7,5,2,1,0,1,1,4,2,1,7,6,2024-01-09
Magalie_Mangan,2,1,-3,4,1,0,3,4,1,8,7,2023-11-05
George_Zapantiotis8651,4,1,0,1,1,0,3,0,5,8,3,2023-11-01
Lina_Mpourazidi,5,2,1,2,3,1,8,0,0,8,8,2023-10-25
Tassos_Kotidis,5,2,-1,3,2,1,8,0,0,8,8,2023-10-10
Vasilis_Spinnet,5,2,7,0,7,1,8,0,0,8,8,2023-08-29
Dimitrios_Lazos0,5,2,-3,5,2,1,5,0,0,5,5,2023-07-29
stamloupis,4,1,10,0,10,1,5,0,3,8,5,2023-07-04
Jimmis_55,5,2,10,0,10,0,7,0,1,8,7,2023-06-22
Giannis_Paisis,4,1,2,1,3,0,3,1,4,8,4,2023-06-10
ladas_alexdim,4,1,4,0,4,1,4,2,2,8,6,2023-05-30
GreekgamerAlex,5,2,6,1,7,0,8,0,0,8,8,2023-05-25
Damodren,5,2,18,0,18,0,8,0,0,8,8,2023-04-27
mpourkoulas,5,2,7,0,7,1,5,0,3,8,5,2023-04-18
trampakoylasss71,5,2,3,0,3,1,5,0,3,8,5,2023-04-14
Vassilis_T_2411,5,2,5,1,6,1,5,0,0,5,5,2023-04-04
filimeg_1,1,2,-5,12,7,0,0,1,7,8,1,2023-03-18
Eyagelia_Tsouglini,4,1,0,2,2,1,7,1,0,8,8,2023-03-15
Kobbo,4,1,-1,2,1,0,4,1,3,8,5,2023-03-08
xristos kwfidis,5,2,3,1,4,1,8,0,0,8,8,2023-02-21
Elias_Tzirakis,5,2,3,1,4,1,6,0,2,8,6,2023-02-07
Stayros_CHristou7209,4,1,3,4,7,1,7,0,1,8,7,2023-01-24
smout,2,1,-5,7,2,0,1,4,0,5,5,2023-01-09
christoskostavaras,2,1,-6,10,4,0,0,4,3,7,4,2022-12-27
Demonick_Kritikos,5,2,10,3,13,1,7,0,0,7,7,2022-11-01
mixaelapispa,1,2,-2,8,6,0,3,2,3,8,5,2022-10-17
PELAGIA_TSAKIRIDI,5,2,12,0,12,1,7,0,1,8,7,2022-09-07
kiki_dervisi,5,2,0,0,0,1,8,0,0,8,8,2024-03-11
mo_ma,5,2,1,0,1,1,7,0,0,7,7,2024-02-16
demain.da,5,2,0,0,0,1,5,0,3,8,5,2024-01-30
Elena_Siouta,1,2,0,0,0,1,2,3,2,7,5,2024-01-06
staurosbelopoulos07,3,0,0,0,0,0,2,4,2,8,6,2024-01-01
stauroulakoilakou2,4,1,1,0,1,0,8,0,0,8,8,2023-12-24
GIANNIS_KARAGIANNIS957,5,2,2,0,2,0,8,0,0,8,8,2023-12-02
katerina_kats8665,2,1,3,1,4,0,0,2,6,8,2,2023-11-24
Vladimir_Derishev,5,2,2,1,3,0,7,0,0,7,7,2023-11-13
Emmanuel_T_,4,1,1,2,3,1,7,0,1,8,7,2023-11-04
KostasBoutsas,2,1,-2,3,1,0,0,4,4,8,4,2023-10-22
Eyagelia_Tsouglini,4,1,3,2,5,1,5,1,2,8,6,2023-10-17
Mary51,1,2,-2,4,2,0,1,3,4,8,4,2023-09-13
Lefteris1256,3,0,7,5,12,0,1,1,6,8,2,2023-08-12
marakics,3,0,4,3,7,0,2,1,5,8,3,2023-08-11
CHristos_Anastasakis1657,3,0,-5,5,0,0,1,3,3,7,4,2023-07-30
Panagiotis_Pelekis41,4,1,2,4,6,0,3,0,3,6,3,2023-07-16
baggelhs25,3,0,1,3,4,1,4,2,2,8,6,2023-07-11
Stefanos_Karidakis,3,0,-8,11,3,0,4,0,4,8,4,2023-07-03
apostolis065,3,0,-13,16,3,0,3,1,3,7,4,2023-07-01
Sotiris_Fousekis,1,2,-11,17,6,0,2,4,2,8,6,2023-06-19
blackpanther,2,1,-1,8,7,0,3,0,4,7,3,2023-06-01
PANTAS,4,1,0,5,5,1,7,0,1,8,7,2023-04-11
degdekis,5,2,20,5,25,1,8,0,0,8,8,2023-04-06
Stefanos_Attikos,4,1,30,2,32,0,3,0,5,8,3,2023-03-26
EIRINI_MITRI,5,2,3,3,6,1,6,0,0,6,6,2023-03-22
Sakis.p,4,1,-2,3,1,1,5,0,3,8,5,2024-02-14
Stella_Kougianou,3,0,-1,1,0,0,3,1,3,7,4,2024-02-12
arvanitakosi,3,0,-2,3,1,0,5,1,2,8,6,2024-02-10
MR_KETO_KETO,1,2,-2,5,3,1,0,8,0,8,8,2024-02-09
Christina_K_90,5,2,7,0,7,1,7,0,1,8,7,2024-01-31
nikos_drivakos,5,2,4,0,4,1,8,0,0,8,8,2024-01-30
Lampros_Karavias,5,2,-1,1,0,1,7,0,0,7,7,2024-01-25
fenia_petaloti,5,2,3,1,4,1,8,0,0,8,8,2024-01-23
sierraki,5,2,4,0,4,0,8,0,0,8,8,2024-01-18
Dennis_Partalas,5,2,2,0,2,1,8,0,0,8,8,2024-01-16
Antonio.225,5,2,2,0,2,1,8,0,0,8,8,2024-01-14
Χριστίνα Σπυριδάκη,5,2,4,0,4,1,8,0,0,8,8,2024-01-12
Eva Miku,2,1,3,2,5,0,2,2,3,7,4,2024-01-06
Kostas_Gerasimou4241,5,2,1,0,1,1,6,0,2,8,6,2024-01-04
Atmek_216,5,2,10,1,11,0,8,0,0,8,8,2024-01-03
Petran01,1,2,-9,12,3,0,1,6,1,8,7,2023-12-31
Jim6939,5,2,8,0,8,0,8,0,0,8,8,2023-12-20
Mario_Tola,5,2,4,0,4,1,7,0,1,8,7,2023-12-19
chryssoulabelia,4,1,1,1,2,1,2,0,6,8,2,2023-12-14
Ilias601,5,2,4,0,4,1,8,0,0,8,8,2023-12-07
Michalis_Kassis,4,1,0,0,0,1,7,0,0,7,7,2023-12-06
THomas_Paschalis9626,3,0,2,3,5,1,5,0,3,8,5,2023-11-21
Nagia_Pana,4,1,9,0,9,1,6,0,2,8,6,2023-11-14
George_georgiopoulos45,4,1,6,0,6,1,5,0,3,8,5,2023-11-07
Maria_Katra,5,2,6,0,6,1,5,0,2,7,5,2023-11-05
MICHALIS_MESARCHAKIS,3,0,7,0,7,1,3,1,4,8,4,2023-11-01
Pant Taylor,4,1,6,2,8,0,6,1,1,8,7,2023-10-22
Nikos_argos,1,2,0,3,3,0,2,1,5,8,3,2023-10-22
Sofia_Kortessi,5,2,-4,7,3,1,5,0,2,7,5,2023-10-13
Zoi_Kouvara,4,1,0,3,3,1,2,1,5,8,3,2023-10-10
Sakis.p,4,1,-3,3,0,1,5,0,3,8,5,2024-02-14
arvanitakosi,3,0,-3,3,0,0,5,1,2,8,6,2024-02-10
MR_KETO_KETO,1,2,-1,4,3,1,0,8,0,8,8,2024-02-09
nikos_drivakos,5,2,4,0,4,1,8,0,0,8,8,2024-01-30
Lampros_Karavias,5,2,-1,1,0,1,7,0,0,7,7,2024-01-25
Kostas_Gerasimou4241,5,2,1,0,1,1,6,0,2,8,6,2024-01-04
chryssoulabelia,4,1,1,1,2,1,2,0,6,8,2,2023-12-14
Nagia_Pana,4,1,9,0,9,1,6,0,2,8,6,2023-11-14
George_georgiopoulos45,4,1,6,0,6,1,5,0,3,8,5,2023-11-07
MICHALIS_MESARCHAKIS,3,0,6,0,6,1,3,1,4,8,4,2023-11-01
Nikos_argos,1,2,-1,3,2,0,2,1,5,8,3,2023-10-22
Emmanouil_Georgopoulos,5,2,6,0,6,1,8,0,0,8,8,2023-10-06
ilianakalivioti,5,2,1,0,1,1,8,0,0,8,8,2024-01-19
Xristina_Kelesidi,5,2,0,0,0,1,8,0,0,8,8,2024-01-16
Kostas_Karistinakis,5,2,0,0,0,0,5,0,3,8,5,2024-01-18
Mr_locos_mocos,4,1,3,0,3,1,6,0,2,8,6,2024-01-02
Themis_Kyriazis,3,0,-15,18,3,0,5,1,1,7,6,2023-12-19
ioannisrigas03,5,2,1,1,2,1,5,0,3,8,5,2023-12-12
Aggelos_YOLO85,4,1,0,0,0,1,5,0,3,8,5,2023-12-09
SERAFEIM_KALOMOIRIS,4,1,0,0,0,1,8,0,0,8,8,2023-12-05
[email protected],4,1,-7,7,0,1,4,0,2,6,4,2023-11-14
Ave_Maria,5,2,1,0,1,1,8,0,0,8,8,2023-10-25
Maria_Sousta,4,1,5,1,6,1,7,0,1,8,7,2023-08-27
antreaspavlidis,5,2,7,1,8,0,7,0,1,8,7,2023-08-26
Red_Forever,5,2,7,2,9,1,8,0,0,8,8,2023-08-22
ARIS_VATALIS3666,4,1,1,0,1,1,7,0,1,8,7,2024-02-13
Kostas_Karistinakis,5,2,1,0,1,0,5,0,3,8,5,2024-01-18
Mr_locos_mocos,4,1,4,0,4,1,6,0,2,8,6,2024-01-02
Themis_Kyriazis,3,0,-19,23,4,0,5,1,1,7,6,2023-12-19
ioannisrigas03,5,2,0,2,2,1,5,0,3,8,5,2023-12-12
SERAFEIM_KALOMOIRIS,4,1,1,0,1,1,8,0,0,8,8,2023-12-05
ARIS_VATALIS3666,4,1,2,0,2,1,7,0,1,8,7,2024-02-13
Themis_Kyriazis,3,0,-19,22,3,0,5,1,1,7,6,2023-12-19
Themis_Kyriazis,3,0,-18,22,4,0,5,1,1,7,6,2023-12-19
likourgosk,3,0,1,0,1,1,5,1,2,8,6,2024-03-16
Petros_Grivakos,2,1,2,0,2,0,1,2,4,7,3,2024-02-14
Petros_Grivakos,2,1,2,0,2,0,0,2,5,7,2,2024-02-14
Viky_Poly,5,2,1,0,1,1,7,0,1,8,7,2024-01-23
georgiatata,2,1,3,1,4,0,5,0,2,7,5,2024-01-09
stef.tsak,4,1,4,1,5,1,6,0,2,8,6,2023-12-30
Sotiris_Anastasiou,5,2,4,1,5,1,8,0,0,8,8,2023-12-28
elpidonio13,5,2,-1,2,1,0,6,0,2,8,6,2023-12-19
george_von_matterhorn,3,0,3,1,4,1,2,0,6,8,2,2023-12-12
Keisi_Serica,1,2,-7,13,6,1,2,2,4,8,4,2023-12-12
MARIA_STROGGYLOUDI,3,0,-3,10,7,1,5,0,1,6,5,2023-11-30
dejan_thanos,4,1,8,0,8,1,5,0,3,8,5,2023-11-21
Markos_Mavrotelis,4,1,-4,6,2,0,5,0,3,8,5,2023-11-20
VASILEIOS_RAFAILIDIS,4,1,8,2,10,1,5,0,3,8,5,2023-10-31
be_rock_not_roll,2,1,-1,12,11,0,3,2,3,8,5,2023-10-26
Nikos_karvelis,5,2,7,2,9,1,8,0,0,8,8,2023-10-25
Sakis Kan.,3,0,0,8,8,1,3,0,4,7,3,2023-10-17
syvritos,3,0,0,0,0,1,2,3,3,8,5,2023-10-17
d_mavroeidh,4,1,0,0,0,1,5,0,3,8,5,2023-10-16
JohannStrauss,5,2,2,3,5,1,5,0,0,5,5,2023-10-14
Gjergji_Hoxha,2,1,-17,25,8,0,1,3,2,6,4,2023-10-02
Anemos46,4,1,-2,2,0,1,7,0,1,8,7,2023-09-27
Eugenia_ch,5,2,8,1,9,1,6,0,0,6,6,2023-09-20
Dora Boubouka,4,1,14,1,15,1,6,0,2,8,6,2023-09-12
marydimitrop8197,3,0,-1,5,4,1,5,0,3,8,5,2023-09-06
gbogues,5,2,10,1,11,1,6,0,2,8,6,2023-08-31
Taskoudi.Μαρια,5,2,9,1,10,1,8,0,0,8,8,2023-08-25
lupo1926,5,2,18,2,20,0,8,0,0,8,8,2023-08-25
Petros_Grivakos,2,1,1,0,1,0,1,2,4,7,3,2024-02-14
Petros_Grivakos,2,1,1,0,1,0,0,2,5,7,2,2024-02-14
Viky_Poly,5,2,0,0,0,1,7,0,1,8,7,2024-01-23
georgiatata,2,1,2,1,3,0,5,0,2,7,5,2024-01-09
stef.tsak,4,1,2,1,3,1,6,0,2,8,6,2023-12-30
Sotiris_Anastasiou,5,2,2,1,3,1,8,0,0,8,8,2023-12-28
elpidonio13,5,2,-2,2,0,0,6,0,2,8,6,2023-12-19
george_von_matterhorn,3,0,1,1,2,1,2,0,6,8,2,2023-12-12
Keisi_Serica,1,2,-6,12,6,1,2,2,4,8,4,2023-12-12
MARIA_STROGGYLOUDI,3,0,-4,10,6,1,5,0,1,6,5,2023-11-30
Markos_Mavrotelis,4,1,-5,6,1,0,5,0,3,8,5,2023-11-20
VASILEIOS_RAFAILIDIS,4,1,7,2,9,1,5,0,3,8,5,2023-10-31
be_rock_not_roll,2,1,-2,12,10,0,3,2,3,8,5,2023-10-26
Nikos_karvelis,5,2,6,2,8,1,8,0,0,8,8,2023-10-25
Sakis Kan.,3,0,-1,8,7,1,3,0,4,7,3,2023-10-17
alex_voulgaris,5,2,7,2,9,0,8,0,0,8,8,2023-08-24
likourgosk,3,0,0,0,0,1,5,1,2,8,6,2024-03-16
Chris_Zolo,3,0,0,0,0,0,3,1,4,8,4,2024-03-17
Petros_Grivakos,2,1,3,0,3,0,0,2,5,7,2,2024-02-14
Panagiotis_Poimenidis5668,4,1,-4,5,1,1,5,0,2,7,5,2024-02-27
nikolaos_karapotosoglou,4,1,-5,5,0,0,4,1,3,8,5,2024-01-04
Klonopo,4,1,24,5,29,0,6,0,1,7,6,2023-12-21
Panagiotis_Poimenidis5668,4,1,-3,4,1,1,5,0,2,7,5,2024-02-27
Klonopo,4,1,23,5,28,0,6,0,1,7,6,2023-12-21
p_iliadis09,4,1,4,0,4,0,2,1,5,8,3,2024-03-03
nikiaswayman,5,2,-9,13,4,0,8,0,0,8,8,2024-01-01
Kostas Konstantopoulos,5,2,0,0,0,0,7,0,1,8,7,2024-03-18
p_iliadis09,4,1,5,0,5,0,2,1,5,8,3,2024-03-03
nikiaswayman,5,2,-10,14,4,0,8,0,0,8,8,2024-01-01
p_iliadis09,4,1,3,0,3,0,2,1,5,8,3,2024-03-03
W1ndz_Ako,1,2,0,0,0,0,1,4,3,8,5,2024-03-12
Giannis_Kotsis494,1,2,1,0,1,0,1,4,3,8,5,2024-03-06
thegamerone,1,2,0,0,0,0,1,6,1,8,7,2024-02-29
Filiptube,1,2,1,1,2,0,2,3,3,8,5,2024-02-07
Not_Mimis,3,0,1,0,1,0,2,3,3,8,5,2024-02-03
Ntaniel_Ntiakonou7225,4,1,-1,1,0,0,1,2,5,8,3,2024-01-17
TRIANTAFYLLOS_TRIANTAFYLLOU,5,2,1,0,1,0,8,0,0,8,8,2024-01-14
Nefeli.N,1,2,-3,4,1,0,0,5,1,6,5,2024-01-07
Thiseas_Vrettos,5,2,0,1,1,0,6,0,2,8,6,2024-01-05
MARIA_MOUFTOGLOU,3,0,1,1,2,0,4,0,4,8,4,2024-01-03
nikos_iliadis7504,3,0,-2,3,1,0,4,1,3,8,5,2024-01-01
KostasBoutsas,3,0,1,0,1,0,0,3,5,8,3,2023-12-08
Nick86,3,0,0,0,0,0,2,3,1,6,5,2023-11-29
vasiliki_kampani2201,3,0,4,0,4,0,2,2,4,8,4,2023-11-20
Sofia_sofi4144,3,0,3,0,3,1,6,0,2,8,6,2023-11-18
konstantina_koun,2,1,3,1,4,1,2,1,4,7,3,2023-11-11
iakovos_v8490,2,1,3,0,3,0,2,4,2,8,6,2023-10-28
Eyagelia_CHamilothori,1,2,3,1,4,0,0,6,2,8,6,2023-10-09
Filia_Louloudaki,1,2,3,0,3,0,0,5,3,8,5,2023-10-04
Lampros_Kouzelis6411,2,1,7,0,7,0,3,1,4,8,4,2023-09-07
Athina_sideria6138,1,2,4,0,4,0,1,6,1,8,7,2023-08-27
Christina_Papadopoulos4861,1,2,4,0,4,0,0,5,3,8,5,2023-08-21
babis_Mag17,2,1,4,0,4,0,0,5,2,7,5,2023-08-15
p6001469,5,2,1,3,4,0,8,0,0,8,8,2023-08-09
Alex papadakis,3,0,8,1,9,0,1,4,3,8,5,2023-08-09
Dimitris_Lougos,1,2,2,2,4,0,1,5,2,8,6,2023-08-08
CHRYSANTHOS_KONSTANTINIDIS,1,2,5,0,5,0,0,0,0,0,0,2023-07-21
Ionas6139,4,1,0,3,3,0,6,1,1,8,7,2023-07-13
Ara_Vasia,1,2,5,0,5,0,2,2,4,8,4,2023-07-10
Tasos_Doulos,2,1,4,0,4,0,5,2,1,8,7,2023-07-05
Giannis_Kotsis494,1,2,0,0,0,0,1,4,3,8,5,2024-03-06
Reniathessaloniki9106,2,1,5,1,6,0,2,3,3,8,5,2023-06-29
Δημητρης τσαλι,3,0,2,0,2,0,7,1,0,8,8,2023-12-05
zoulapi_Zoulapi,2,1,2,0,2,0,3,1,3,7,4,2023-09-03
chrissssss,1,2,2,1,3,1,1,2,5,8,3,2023-05-17
Dream_,3,0,1,1,2,0,2,2,4,8,4,2023-04-25
Νικολέττα Σχοινά,3,0,7,0,7,0,6,0,2,8,6,2023-02-06
tsoulkanis0,5,2,2,0,2,1,7,0,1,8,7,2023-01-25
Dim__Sio_,1,2,5,2,7,0,1,7,0,8,8,2022-08-27
at_tt,2,1,1,2,3,0,1,3,4,8,4,2022-07-28
Phoenix_Phoenix8289,3,0,-4,6,2,1,1,3,4,8,4,2022-06-19
Στέλλα Π.Β.,3,0,2,2,4,1,5,0,3,8,5,2022-05-24
VKV,4,1,7,2,9,1,5,0,0,5,5,2022-04-28
konbakatselos,3,0,4,1,5,1,4,0,4,8,4,2022-04-12
dion_karis,2,1,7,2,9,0,0,3,5,8,3,2022-04-08
PilichosProductions_YT,1,2,10,2,12,0,2,3,3,8,5,2022-02-11
Paschalia_Tsiaousi,3,0,8,1,9,0,2,2,4,8,4,2021-12-28
kpatour,3,0,4,3,7,1,1,1,6,8,2,2021-12-07
kapothan_,4,1,7,0,7,1,5,0,3,8,5,2021-09-30
makis3232,5,2,-7,12,5,1,4,0,4,8,4,2021-06-10
giannisvatis,1,2,3,13,16,0,2,2,4,8,4,2021-01-17
gerstrat,4,1,16,0,16,0,6,0,2,8,6,2021-01-05
Konstantinos_Machairas50,3,0,-22,29,7,0,1,4,3,8,5,2020-12-08
ant2233,4,1,1,0,1,1,5,0,3,8,5,2023-09-26
Dimitris_Stayrakidis,4,1,-1,1,0,0,3,1,3,7,4,2023-09-21
dotorv78,3,0,2,0,2,1,2,4,2,8,6,2023-08-23
kxristodoulou,3,0,2,0,2,1,1,5,2,8,6,2023-08-08
Mixalis_Poulios,1,2,3,1,4,0,1,1,6,8,2,2023-07-10
Kostas_Papadimitriou46,4,1,3,0,3,0,5,0,2,7,5,2023-07-10
alekamora9,1,2,2,0,2,1,1,2,5,8,3,2023-06-20
Michaela_Grammatikogianni,3,0,0,1,1,0,4,1,3,8,5,2023-06-07
IOANNIS_SPARTIATIS,4,1,2,0,2,1,6,0,0,6,6,2023-05-09
nhagiap,5,2,-1,1,0,1,8,0,0,8,8,2023-05-02
Pleven,1,2,3,1,4,0,1,7,0,8,8,2023-04-27
apostolos_efthimiou4674,4,1,3,1,4,0,5,0,3,8,5,2023-03-31
Dimitri filos,2,1,-3,3,0,0,4,2,2,8,6,2023-03-23
MICHALIS_KARAMANLIS,4,1,2,1,3,1,6,0,2,8,6,2023-02-14
Kostas_Papalaskaris,4,1,5,2,7,0,6,0,2,8,6,2022-11-24
Grigoris_Tertipis80,5,2,2,0,2,1,8,0,0,8,8,2022-10-18
irineos76hemer,3,0,5,0,5,0,2,2,4,8,4,2022-08-26
Giorgos_Moustakis62,2,1,4,0,4,0,4,3,0,7,7,2022-08-19
kagialikosangelos,5,2,7,1,8,1,8,0,0,8,8,2022-08-10
Elpida_M4404,2,1,0,4,4,0,2,3,3,8,5,2022-07-28
G_S95,5,2,2,0,2,0,7,0,1,8,7,2022-07-07
tryhard Player,2,1,-6,9,3,0,3,2,3,8,5,2022-06-25
Aggelos_Dedes,1,2,2,3,5,0,0,4,4,8,4,2022-06-18
Amare69,1,2,0,2,2,0,0,8,0,8,8,2022-05-16
kaniouras_va,1,2,6,2,8,0,0,6,2,8,6,2022-04-14
christos_economou3417,4,1,8,1,9,1,4,0,3,7,4,2022-03-01
Eleni_Mavromati3101,5,2,19,0,19,0,6,0,2,8,6,2022-02-22
DIMITRIOS_TIAKAS6273,5,2,20,5,25,1,8,0,0,8,8,2022-03-29
ChristodoulosZaro,1,2,1,0,1,0,3,4,0,7,7,2024-03-03
Thalia_Zef,2,1,0,0,0,0,3,1,4,8,4,2024-02-16
petroszoolias,1,2,0,1,1,0,1,5,2,8,6,2024-02-11
NIKOS_KOURKOULIS5291,2,1,1,0,1,0,0,6,2,8,6,2024-01-07
p.gerakoulakos,1,2,2,0,2,1,0,5,2,7,5,2024-01-05
johnnnn2007,5,2,3,1,4,1,8,0,0,8,8,2023-10-26
George_Zapantiotis748,4,1,5,1,6,0,5,1,2,8,6,2023-09-13
Giorgos_Patsatsos,1,2,7,0,7,0,1,5,2,8,6,2023-09-09
Kostas_Papae,2,1,4,2,6,0,5,1,2,8,6,2023-07-21
msok78,2,1,4,0,4,0,1,3,4,8,4,2023-07-20
barcodest90,2,1,0,2,2,1,1,3,3,7,4,2023-06-30
Silvi_Metoshi,2,1,6,0,6,0,2,4,2,8,6,2023-06-29
Dimitris_Gourgos,2,1,5,0,5,0,2,2,4,8,4,2023-05-19
mariatsapou1999,1,2,9,1,10,0,1,3,4,8,4,2023-05-07
jim.antonopoulos.16,1,2,10,0,10,0,0,6,2,8,6,2023-05-05
Hajarl,1,2,9,0,9,0,1,5,2,8,6,2023-04-30
1499871166,3,0,1,3,4,0,4,0,3,7,4,2023-04-16
vent_cath,2,1,5,0,5,0,5,2,1,8,7,2023-04-01
panos@gr,5,2,0,7,7,0,8,0,0,8,8,2023-03-17
Elenii99,1,2,2,1,3,0,1,2,5,8,3,2023-03-12
Xristos_Kakavas,4,1,0,1,1,0,3,1,4,8,4,2023-02-23
alex_alex1542565028,1,2,2,1,3,0,1,3,4,8,4,2023-02-17
MICHAIL_STAMATIOS_MOUSTAKAS,1,2,3,2,5,0,1,3,3,7,4,2023-01-22
Tasos_S_,4,1,1,7,8,0,5,0,3,8,5,2023-01-14
irineos76hemer,1,2,4,2,6,1,6,2,0,8,8,2022-12-25
Giota_Nikitaki,1,2,1,1,2,0,1,5,2,8,6,2022-12-20
marakio.msmarouli,1,2,3,2,5,0,0,2,0,2,2,2022-12-19
giorgos_g1101,2,1,3,0,3,0,2,4,2,8,6,2022-12-17
Antigoni_Oikonomou40,1,2,1,2,3,0,0,5,3,8,5,2022-12-11
zogajeirhnh,5,2,1,2,3,1,8,0,0,8,8,2022-12-06
Lycagos,2,1,3,1,4,1,2,2,1,5,4,2023-03-28
ris elpt,5,2,2,1,3,1,8,0,0,8,8,2023-09-20
mpompa79,3,0,0,2,2,0,2,3,3,8,5,2023-09-13
stelios_k7435,2,1,-2,3,1,1,1,4,2,7,5,2023-08-30
Dimitris_Koutsomixos,5,2,-4,5,1,0,8,0,0,8,8,2023-07-11
aleksandros.iakwvidis,1,2,1,1,2,0,0,7,1,8,7,2023-06-01
marinoscy1,5,2,1,0,1,1,2,0,2,4,2,2023-05-23
marinoscy1,5,2,1,0,1,1,1,0,3,4,1,2023-05-23
xarkar92,3,0,-2,5,3,1,1,4,2,7,5,2023-02-14
katerina_tsoudi,2,1,5,0,5,0,1,2,5,8,3,2023-02-03
karoumpalos1925,3,0,0,0,0,0,3,1,4,8,4,2024-03-12
nbbbournous,1,2,3,3,6,1,3,2,3,8,5,2024-01-29
Evi_Basilakou,4,1,0,1,1,0,4,1,2,7,5,2024-01-27
giota3ntou,5,2,2,0,2,1,5,0,0,5,5,2024-01-23
Giannis_Bouramas,4,1,1,0,1,1,3,3,2,8,6,2024-01-16
manolakys77,2,1,-1,3,2,1,2,1,4,7,3,2024-01-10
vaggeliskarp,5,2,0,0,0,1,7,0,1,8,7,2024-01-09
Giorgos_Maria_Hliou,5,2,1,1,2,0,8,0,0,8,8,2024-01-04
dimitreas77,5,2,-1,1,0,0,7,0,1,8,7,2023-12-19
Koni_Karanastassis,4,1,3,1,4,1,3,1,4,8,4,2023-11-11
Eleni_Labraki,4,1,10,2,12,1,8,0,0,8,8,2023-09-28
Orestis_Vradelis,4,1,3,0,3,1,4,2,2,8,6,2023-09-27
aggelikhchronopoulou,2,1,2,3,5,1,2,1,5,8,3,2023-09-26
Stefanos_Magiopoulos,4,1,10,1,11,0,6,0,0,6,6,2023-09-13
Geez7,5,2,9,0,9,1,6,0,2,8,6,2023-09-09
Vagelis_Tasios,5,2,1,3,4,1,6,0,2,8,6,2023-08-19
Harry_Zikos,2,1,-12,16,4,0,2,2,2,6,4,2023-08-05
nikos_lazarakis,1,2,-7,8,1,0,1,6,0,7,7,2023-07-25
ZiMp,4,1,4,0,4,1,5,0,3,8,5,2023-07-25
Mbabis_papas,4,1,3,1,4,1,5,0,1,6,5,2023-07-11
Ioannis_giannaros,5,2,2,2,4,1,6,0,2,8,6,2023-07-01
yiona.11,4,1,4,1,5,1,6,0,2,8,6,2023-06-27
Vasilis_Anagnostou81,4,1,4,1,5,1,3,0,1,4,3,2023-06-24
studiozoom2,5,2,1,1,2,1,6,0,2,8,6,2023-06-23
xxristina2003,5,2,14,2,16,0,8,0,0,8,8,2023-06-20
autogeorgest,5,2,7,1,8,0,6,0,2,8,6,2023-06-03
peter3-3,5,2,3,2,5,1,3,0,1,4,3,2023-06-03
nbbbournous,1,2,2,3,5,1,3,2,3,8,5,2024-01-29
Nikpar_005,5,2,0,0,0,0,6,0,2,8,6,2024-02-07
ptr_tzanos,4,1,-1,2,1,0,5,0,3,8,5,2023-06-08
Mikel_Pouska,3,0,2,4,6,0,1,2,5,8,3,2023-05-23
ddimos_theo,3,0,-1,1,0,0,1,4,3,8,5,2023-05-02
Adamantia_Sarri,3,0,0,1,1,0,1,5,2,8,6,2023-04-29
tasos_begos,5,2,0,0,0,0,7,0,1,8,7,2023-01-12
iampicasso1,5,2,0,1,1,0,8,0,0,8,8,2022-12-08
dimitris_harisis,2,1,-2,5,3,0,6,0,2,8,6,2022-11-26
tsikari,5,2,5,0,5,0,8,0,0,8,8,2022-10-27
Papyrus,4,1,8,0,8,0,5,0,3,8,5,2022-08-29
Agni_Zoumi,3,0,2,3,5,0,4,2,2,8,6,2022-07-10
ciandalafende,4,1,3,0,3,1,8,0,0,8,8,2022-06-26
Tassos_Arapis,4,1,2,0,2,1,6,0,2,8,6,2022-05-24
Thodoris_Papadopoulos27,1,2,-12,19,7,0,1,4,3,8,5,2022-03-28
ioannaskorda13,1,2,-1,7,6,0,1,5,2,8,6,2022-03-22
vasohatzaki,5,2,4,2,6,0,8,0,0,8,8,2022-03-21
Christos Basimakopoulos,3,0,1,2,3,0,7,1,0,8,8,2022-03-18
kostas_kalamaras,4,1,7,0,7,1,8,0,0,8,8,2022-02-13
Katerina_G46,4,1,5,0,5,0,6,0,1,7,6,2022-02-06
andrew.kiratzis,2,1,-3,10,7,1,3,0,4,7,3,2022-02-02
roulitsad,2,1,-4,7,3,0,4,2,2,8,6,2022-01-19
Papkostaska,4,1,3,1,4,1,2,0,6,8,2,2022-01-18
Giannis_Giar,3,0,-9,13,4,0,1,0,3,4,1,2022-01-09
Ms Alex Yt,4,1,-2,6,4,0,5,2,1,8,7,2021-12-18
eleni_pateli6636,5,2,11,2,13,0,8,0,0,8,8,2021-11-19
leonpapadakis,2,1,-1,10,9,0,2,2,4,8,4,2021-11-03
kostas_pap8,1,2,-5,17,12,0,0,5,3,8,5,2021-10-29
DIABLO $,4,1,-3,10,7,0,8,0,0,8,8,2021-10-17
Giorgos_Mpra,5,2,0,0,0,0,7,0,1,8,7,2023-10-26
Giannis_Dalakas8926,3,0,4,0,4,0,4,0,4,8,4,2022-08-20
dmihalelis,4,1,3,3,6,1,7,0,0,7,7,2022-07-12
User_A1,5,2,5,2,7,0,6,0,2,8,6,2022-05-08
trigman,4,1,1,3,4,1,3,0,5,8,3,2021-09-10
George_Mitroushi,5,2,0,0,0,0,8,0,0,8,8,2023-07-25
gtarsoudis,5,2,0,1,1,1,8,0,0,8,8,2023-04-25
Michael Knight,5,2,1,1,2,0,8,0,0,8,8,2023-04-12
Nik077,5,2,-1,2,1,1,8,0,0,8,8,2023-01-24
vafeiadou,5,2,4,0,4,0,7,0,1,8,7,2023-01-21
KiriakosNT,5,2,4,0,4,0,7,0,1,8,7,2024-02-28
Sofia_Maravelaki,4,1,0,0,0,0,8,0,0,8,8,2024-02-28
Marhatz76,4,1,0,0,0,1,7,1,0,8,8,2024-02-28
kalli_taf,4,1,3,0,3,0,7,0,1,8,7,2024-02-21
alesiakola21,2,1,-1,2,1,0,4,0,2,6,4,2024-02-15
thanasis pitatzis,5,2,2,0,2,0,7,0,1,8,7,2024-02-13
smart_ten,5,2,1,0,1,0,8,0,0,8,8,2024-02-06
APOSTOLOS_GRIGORIADIS7125,5,2,-1,1,0,0,7,0,1,8,7,2024-01-31
FANI_VASILAKOU,5,2,2,0,2,0,7,0,1,8,7,2024-01-30
Costinho,2,1,0,2,2,0,2,1,5,8,3,2024-01-29
katerina.grigor,3,0,2,1,3,0,3,1,4,8,4,2024-01-16
vasilakish,5,2,2,0,2,0,6,0,2,8,6,2024-01-09
vasilakish,5,2,1,0,1,0,6,0,2,8,6,2024-01-09
christos_papaminas1065,2,1,-2,4,2,0,5,1,2,8,6,2023-12-27
swtodionisis,4,1,-2,3,1,0,4,0,4,8,4,2023-12-24
Crazy_Koge_EX,1,2,1,1,2,0,3,3,2,8,6,2023-12-22
ellen2marie,1,2,2,0,2,0,3,2,3,8,5,2023-12-15
doramaz,4,1,2,0,2,1,7,0,1,8,7,2023-12-13
ΤΟΥΛΑ ΔΗΜΟΥ,5,2,2,0,2,1,8,0,0,8,8,2023-12-09
CHristina_Dafnomili,5,2,4,0,4,0,8,0,0,8,8,2023-11-24
konstantina_koun,3,0,5,0,5,1,6,0,2,8,6,2023-11-11
babis_ky,3,0,5,0,5,0,1,3,4,8,4,2023-11-01
chrispdoc,3,0,3,2,5,0,4,1,3,8,5,2023-10-27
ATHANASIOS_CHATZIGEORGIOU,4,1,-1,7,6,1,5,1,2,8,6,2023-10-12
vasilisdask,5,2,4,0,4,0,8,0,0,8,8,2023-09-28
PrRed,3,0,5,0,5,1,4,0,4,8,4,2023-09-26
Xhulian_Alushaj,1,2,6,1,7,1,3,3,2,8,6,2023-08-28
Donald Trump,5,2,2,0,2,1,8,0,0,8,8,2024-03-14
ptsiaggas,4,1,1,0,1,0,5,0,3,8,5,2023-12-16
George_Drakakis7344,4,1,-1,1,0,0,4,0,4,8,4,2023-11-18
Mobile_gamer_Gr,4,1,0,0,0,0,7,0,1,8,7,2023-08-02
Despina_L4695,5,2,0,0,0,0,7,0,1,8,7,2023-05-10
A_N__G_K,5,2,1,0,1,0,8,0,0,8,8,2023-03-27
Papandreou_Anastasia,5,2,0,1,1,1,8,0,0,8,8,2022-08-11
Nikos_A11,5,2,3,2,5,1,7,0,1,8,7,2022-07-18
Αντρέας Κατσάνης,4,1,3,1,4,0,8,0,0,8,8,2022-07-16
DADOS_DADOS,1,2,-4,7,3,0,3,0,5,8,3,2022-06-13
Mila_Ko,5,2,-1,2,1,1,8,0,0,8,8,2022-04-24
Κιαντζίδης,5,2,5,3,8,0,8,0,0,8,8,2022-02-22
Nikos-51,4,1,3,1,4,0,8,0,0,8,8,2022-02-04
George_Drakakis7344,5,2,0,0,0,0,8,0,0,8,8,2024-01-06
Elpidα,4,1,-2,2,0,0,2,0,6,8,2,2023-11-27
info4634,2,1,-2,2,0,0,4,0,4,8,4,2023-11-02
NikosXrim,1,2,0,0,0,0,1,4,2,7,5,2023-10-19
Marinos17,4,1,-1,1,0,1,6,0,2,8,6,2023-09-26
Leonidas_Kotronakis,5,2,1,0,1,0,7,0,0,7,7,2023-09-09
Skorpion1981,3,0,-2,2,0,0,0,0,8,8,0,2023-08-15
tipotass,2,1,-4,4,0,0,3,2,3,8,5,2023-07-20
tzintziridiskiriakos,5,2,2,0,2,1,7,0,0,7,7,2023-07-01
ptsiaggas,3,0,-2,2,0,0,2,2,4,8,4,2023-06-14
Kostas_Datsikos8445,1,2,-4,5,1,0,0,4,4,8,4,2023-06-13
Chris_1020,4,1,0,1,1,0,4,1,3,8,5,2023-05-31
natasoula.treliara,3,0,-2,5,3,0,2,3,3,8,5,2023-03-14
Maria_Spyridopoulou7111,1,2,0,3,3,0,0,2,6,8,2,2023-02-27
Konstantinos_Maris8419,3,0,-1,3,2,0,5,1,2,8,6,2023-02-21
plex57,4,1,2,0,2,1,4,0,4,8,4,2023-01-31
asynephs,3,0,2,1,3,0,2,0,6,8,2,2023-01-30
chris_emexizis,4,1,1,1,2,1,7,0,1,8,7,2023-01-24
thodorakis5,3,0,2,2,4,1,6,1,1,8,7,2023-01-18
Vasilis_Sideris3593,1,2,-4,6,2,0,2,3,3,8,5,2023-01-14
sofia_koo75,1,2,2,2,4,0,0,8,0,8,8,2023-01-13
Nijos_Nikoladft,1,2,-4,6,2,0,3,5,0,8,8,2023-01-05
giorgos_karasarlidis,5,2,-1,1,0,0,7,0,1,8,7,2023-01-04
n_n8813,1,2,4,3,7,0,5,2,0,7,7,2022-12-07
FixitBicycleClinic,5,2,0,0,0,1,6,0,2,8,6,2022-11-22
dantha,2,1,4,4,8,0,3,2,3,8,5,2022-11-04
Βαζάκας Γεώργιος,5,2,2,0,2,1,8,0,0,8,8,2022-11-01
cohones,5,2,2,2,4,1,7,0,1,8,7,2022-09-24
Leonidas_Kotronakis,5,2,1,0,1,0,7,0,0,7,7,2023-09-09
George_Papanikolaou7307,5,2,0,0,0,0,6,0,2,8,6,2024-03-11
koukidemie,5,2,0,0,0,1,8,0,0,8,8,2024-02-15
NokatoKun,5,2,-1,1,0,1,8,0,0,8,8,2024-02-04
George_Libe7599,5,2,-1,1,0,0,8,0,0,8,8,2024-01-21
Elianna Bouri,3,0,1,1,2,1,6,0,2,8,6,2023-12-03
serkos_rs,4,1,-2,2,0,0,7,0,1,8,7,2023-11-22
Georgia_1212,5,2,-1,2,1,0,8,0,0,8,8,2023-10-31
dennis_90,3,0,-3,4,1,1,6,0,2,8,6,2023-10-05
Elias_Stathakopoulos,4,1,0,1,1,1,3,1,3,7,4,2023-09-17
antonisgeo285,4,1,0,1,1,0,5,0,3,8,5,2023-09-16
Dimitris_Kotsampas,5,2,0,1,1,0,7,0,1,8,7,2023-08-20
kagialikosangelos,4,1,3,1,4,0,8,0,0,8,8,2023-08-16
Kostas_Vryzas4478,1,2,-4,6,2,0,4,0,4,8,4,2023-08-14
marianthi_edww,4,1,1,1,2,0,6,1,1,8,7,2023-08-07
GHOST_BUSTER_GR,5,2,-1,1,0,0,6,2,0,8,8,2023-07-25
Georgos_Petropoulos7908,4,1,0,1,1,0,4,0,4,8,4,2023-07-13
Χρυσόστομος Ομάς,5,2,0,2,2,1,6,0,2,8,6,2023-07-11
Petros_Chav,4,1,2,1,3,0,4,0,4,8,4,2023-07-04
Xristos_Nikas6328,5,2,-1,2,1,1,7,0,1,8,7,2023-05-20
Chris_1020,5,2,5,1,6,0,8,0,0,8,8,2023-05-19
pantelis_eva,4,1,-1,3,2,1,7,0,1,8,7,2023-05-04
Blaze2340,4,1,-1,2,1,0,5,0,2,7,5,2023-04-23
Madona_Matija,5,2,5,0,5,1,6,0,2,8,6,2023-03-20
Rebecca_Bagkou,5,2,2,0,2,1,7,0,1,8,7,2023-03-08
soulapap62,5,2,0,0,0,1,8,0,0,8,8,2023-03-07
Nektariossakkas_Nek,4,1,-1,1,0,0,5,0,3,8,5,2023-03-02
stefoserpent,5,2,4,1,5,1,7,0,1,8,7,2023-02-28
George_Aggelopoulos0,3,0,-12,16,4,0,4,1,3,8,5,2023-02-17
kostas_tse,5,2,1,3,4,1,6,0,2,8,6,2023-02-06
Elina_Ioanna_M,3,0,1,1,2,1,6,0,2,8,6,2023-12-03
serkos_rs,4,1,-1,1,0,0,7,0,1,8,7,2023-11-22
Konstantinos_Polyzos8828,1,2,-11,18,7,1,1,6,1,8,7,2023-01-31
Saxo_S,4,1,1,0,1,0,6,0,2,8,6,2024-02-08
Lampros_karas,1,2,1,1,2,1,2,2,4,8,4,2024-01-15
renos_rama,5,2,1,1,2,0,6,2,0,8,8,2024-01-11
Mr_locos_mocos,5,2,1,2,3,0,8,0,0,8,8,2023-12-01
Ευάγγελος Καραγιαννης 2008,1,2,4,1,5,0,3,2,3,8,5,2023-10-16
Xristos.T,5,2,-2,2,0,1,6,0,2,8,6,2023-10-15
tgk_lex,3,0,3,1,4,1,4,2,2,8,6,2023-09-21
Corvo Attano,4,1,3,1,4,1,5,0,3,8,5,2023-09-15
g.d.k,3,0,0,1,1,0,4,2,2,8,6,2023-09-02
sarychev789,4,1,-1,2,1,0,7,0,1,8,7,2023-08-17
Grigoris_Margaritis,5,2,0,1,1,0,6,0,2,8,6,2023-08-14
nick_katsikaridis,5,2,0,1,1,1,7,0,0,7,7,2023-07-25
Maria_chr29,2,1,0,3,3,1,5,2,1,8,7,2023-07-22
ANDREW_STAMOS,5,2,0,1,1,0,7,0,1,8,7,2023-07-21
MikeSar13,4,1,0,1,1,1,7,0,1,8,7,2023-07-17
chris_pro_5_XXXTENTACION,5,2,0,2,2,0,8,0,0,8,8,2023-06-21
Veronika_Adamopoulou,1,2,-1,6,5,1,2,4,2,8,6,2023-06-07
Petros_Athanas,1,2,0,5,5,0,5,1,2,8,6,2023-06-04
georgenaya01,1,2,-1,5,4,0,0,8,0,8,8,2023-05-27
marakifer,5,2,0,2,2,1,7,0,0,7,7,2023-05-16
panagiotiskaleas7,5,2,-5,7,2,0,8,0,0,8,8,2023-05-04
Alexandros_Meletiou,5,2,2,2,4,0,6,0,2,8,6,2023-04-05
noikonomak,1,2,-13,16,3,0,0,6,0,6,6,2023-04-01
John_adam01,5,2,-1,2,1,0,7,0,1,8,7,2023-03-28
gitria2020,5,2,1,3,4,1,5,0,3,8,5,2023-03-28
Maria_Choibou,4,1,1,2,3,0,6,0,1,7,6,2023-03-28
Nikolaos_Liapatis,4,1,-1,2,1,0,6,1,1,8,7,2023-03-19
inakidepaki94,1,2,-4,13,9,1,4,2,2,8,6,2023-03-04
Saxo_S,4,1,0,1,1,0,6,0,2,8,6,2024-02-08
Lampros_karas,1,2,0,2,2,1,2,2,4,8,4,2024-01-15
renos_rama,5,2,0,2,2,0,6,2,0,8,8,2024-01-11
Mr_locos_mocos,5,2,0,3,3,0,8,0,0,8,8,2023-12-01
Ευάγγελος Καραγιαννης 2008,1,2,3,2,5,0,3,2,3,8,5,2023-10-16
Corvo Attano,4,1,4,1,5,1,5,0,3,8,5,2023-09-15
konidisg,2,1,-6,11,5,0,0,2,6,8,2,2023-09-01
lupo1926,5,2,2,1,3,1,8,0,0,8,8,2023-09-01
Georgios_Zorzos,5,2,-1,2,1,1,6,0,2,8,6,2023-07-30
Giorgos_A73,4,1,1,2,3,0,5,2,1,8,7,2023-06-28
liokmenidi,4,1,-6,6,0,0,8,0,0,8,8,2023-06-15
simeonidiscristos,5,2,0,0,0,1,8,0,0,8,8,2023-05-30
msiou2408,4,1,0,0,0,1,8,0,0,8,8,2023-05-22
DIMITRIS_MPARDANIS_Official,5,2,-3,3,0,0,7,0,1,8,7,2023-05-22
karkon_14,1,2,-1,8,7,0,0,6,2,8,6,2023-05-03
yiannis_DM,2,1,1,6,7,0,3,4,1,8,7,2023-04-12
Marina_Tasiopoulou,4,1,-1,2,1,0,7,1,0,8,8,2023-04-12
DIMITRIS_SAMARAS7770,5,2,-7,10,3,1,6,0,1,7,6,2023-04-11
Mary_Angie_Pantos,4,1,1,2,3,1,5,0,3,8,5,2023-03-30
konkarani,4,1,2,1,3,0,5,0,3,8,5,2023-03-21
roula92ikaria,1,2,-12,18,6,0,0,4,4,8,4,2023-03-10
Katerina_Akritidou7545,4,1,4,1,5,0,6,0,2,8,6,2023-02-28
mixalis koubaros,5,2,0,2,2,0,8,0,0,8,8,2023-02-21
Sugar_Daddy5641,4,1,4,1,5,0,5,0,2,7,5,2023-02-16
c.kyriazis,4,1,-1,3,2,1,8,0,0,8,8,2023-02-07
ikarnaris,2,1,-22,34,12,0,1,2,5,8,3,2023-02-05
Alexandros_Athanasiou2403,5,2,0,3,3,1,8,0,0,8,8,2023-02-02
Hlias_Xatzheustratioy,4,1,6,10,16,0,8,0,0,8,8,2023-01-28
Manolis_Manetas,5,2,2,2,4,0,6,1,1,8,7,2023-01-26
Andi_Xhika,4,1,1,4,5,1,6,0,2,8,6,2023-01-24
petros_boul,3,0,-4,8,4,0,5,2,1,8,7,2023-01-22
Eygenios_Sotiriadis,4,1,1,3,4,1,6,1,1,8,7,2023-01-18
FRAGK09,5,2,6,1,7,0,8,0,0,8,8,2023-01-15
dsfak78,5,2,0,0,0,1,7,0,1,8,7,2024-01-30
Vaghelis_Ath,4,1,2,0,2,1,7,0,0,7,7,2023-12-28
filipgeo,4,1,3,0,3,1,8,0,0,8,8,2023-12-26
Tasos_Gionis,3,0,1,4,5,0,5,0,3,8,5,2023-09-21
tmak,3,0,-6,11,5,0,2,2,3,7,4,2023-08-03
John Sia,1,2,-7,16,9,1,2,3,3,8,5,2023-07-01
nkourouk,5,2,8,1,9,1,8,0,0,8,8,2023-05-07
avrilfuns97,5,2,16,2,18,0,7,0,1,8,7,2023-05-07
earn_kal,3,0,-6,8,2,0,7,0,1,8,7,2023-05-04
xristos_leivas,2,1,-1,15,14,0,2,3,3,8,5,2023-04-23
calciobambini,5,2,3,3,6,0,8,0,0,8,8,2023-04-21
Elpida_Grigoriadou6,5,2,2,3,5,1,6,0,1,7,6,2023-03-14
pchlds,5,2,4,1,5,1,5,0,2,7,5,2023-02-28
Vasilis_Panos,5,2,8,3,11,0,7,0,1,8,7,2023-01-01
George_Kehas,4,1,0,4,4,1,6,0,2,8,6,2022-10-29
Vladislav_Sahta,5,2,-3,6,3,1,7,0,1,8,7,2022-10-19
amorita17,5,2,3,3,6,1,8,0,0,8,8,2022-10-08
dora.spor,5,2,14,2,16,0,8,0,0,8,8,2022-09-26
spyrakos35,3,0,-13,16,3,0,4,1,2,7,5,2022-09-25
Georgios_Alexakis62,5,2,4,2,6,1,8,0,0,8,8,2022-09-19
jimtsalkitzis,5,2,8,2,10,0,7,0,1,8,7,2022-09-07
john_poul,5,2,3,2,5,1,7,0,1,8,7,2022-09-06
Απόστολος Μπόκαρης,5,2,2,1,3,0,7,0,1,8,7,2022-08-31
Vasilis.Ps,5,2,3,2,5,0,8,0,0,8,8,2022-08-20
yianna_skanavi,4,1,12,2,14,1,6,0,2,8,6,2022-08-02
k_g_real,5,2,37,4,41,0,8,0,0,8,8,2022-05-14
Panos_Papaioannou55,5,2,12,3,15,0,5,0,3,8,5,2022-05-13
lupo1926,5,2,2,1,3,1,8,0,0,8,8,2023-09-01
arist06,2,1,-4,4,0,0,0,1,7,8,1,2024-03-01
Thanos_Tsakalidis,2,1,0,3,3,0,2,4,2,8,6,2023-12-09
LadyMar,3,0,-2,3,1,0,4,2,2,8,6,2023-11-19
Petros_Papafaklis,1,2,-8,9,1,0,4,0,4,8,4,2023-10-01
Orestis_Georgiou,4,1,2,0,2,1,6,0,2,8,6,2023-09-14
nikosmk4,3,0,1,1,2,0,4,2,2,8,6,2023-09-04
petroschari,3,0,3,0,3,1,5,0,3,8,5,2023-08-29
gkikasd7,5,2,-1,2,1,0,7,0,1,8,7,2023-07-25
Δημήτρης Παπαλαζάρου,3,0,-1,3,2,1,5,0,3,8,5,2023-06-27
thanasis_mpourazopoulos504,2,1,1,1,2,0,5,1,2,8,6,2023-06-24
Hlias_Qsis,2,1,3,0,3,0,3,2,3,8,5,2023-05-17
elpapadeas,5,2,7,0,7,1,8,0,0,8,8,2023-04-18
nikos_96_107985,1,2,-25,27,2,0,5,1,2,8,6,2023-04-09
costas.georgiadis.39,5,2,2,0,2,1,8,0,0,8,8,2023-04-04
VAGGELIS_KARATEGOS,5,2,2,1,3,1,6,0,2,8,6,2023-04-04
Rafa76,4,1,-1,4,3,0,7,0,1,8,7,2023-04-02
galateia90,4,1,3,1,4,1,6,0,2,8,6,2023-04-02
xnitso_nitsios,3,0,-22,26,4,0,5,0,3,8,5,2023-03-28
Konstantin206,5,2,4,1,5,0,8,0,0,8,8,2023-03-23
George_Pats,2,1,-8,10,2,0,6,1,1,8,7,2023-03-17
alexs13,5,2,6,0,6,1,8,0,0,8,8,2023-03-03
anagnozis,4,1,6,1,7,1,4,0,3,7,4,2023-02-07
Giannis_Daskalos60,5,2,5,0,5,1,8,0,0,8,8,2023-02-07
Ioanna_S_0,1,2,-12,12,0,1,4,3,1,8,7,2023-02-02
nikos_sidiropoulos1562,5,2,5,1,6,0,7,1,0,8,8,2023-01-28
pfaliriotis,5,2,-5,9,4,1,8,0,0,8,8,2023-01-10
Makis_Stoupas,1,2,-15,18,3,1,2,2,4,8,4,2022-11-29
likakis15,3,0,-8,13,5,1,7,0,1,8,7,2022-11-28
Nikos_Xeimaras,3,0,0,0,0,0,3,1,4,8,4,2024-03-16
adreaskitsios,5,2,1,0,1,1,7,0,1,8,7,2024-01-13
DIM71,1,2,-10,11,1,0,2,4,2,8,6,2023-04-10
melissocosmos,5,2,2,0,2,1,8,0,0,8,8,2023-03-28
Orfeas_Ntouros,4,1,1,1,2,1,7,0,1,8,7,2023-01-31
Jkoulian,4,1,1,0,1,0,7,1,0,8,8,2023-01-29
flavio_meta09,5,2,1,0,1,0,7,0,1,8,7,2023-01-24
PANOUSOPOULOSVASILIS,4,1,1,0,1,0,6,1,1,8,7,2023-01-12
orestis1890,3,0,-1,2,1,0,5,2,1,8,7,2022-12-02
a.skopelos,3,0,2,2,4,1,7,1,0,8,8,2022-10-11
thanos_lp,4,1,1,0,1,0,5,2,1,8,7,2022-07-24
adreaskitsios,5,2,0,0,0,1,7,0,1,8,7,2024-01-13
Nikos_Xeimaras,3,0,1,0,1,0,3,1,4,8,4,2024-03-16
ALEX LIVAS,5,2,1,0,1,1,8,0,0,8,8,2024-01-10
AGGELOS_MILIONIS8857,4,1,2,0,2,0,8,0,0,8,8,2023-11-14
Nektarios_Marishta,5,2,5,0,5,0,8,0,0,8,8,2023-03-27
Evan Bou,5,2,3,0,3,1,8,0,0,8,8,2023-02-07
arson89,5,2,2,0,2,1,8,0,0,8,8,2023-02-07
Kika_MP,4,1,1,0,1,1,7,0,1,8,7,2022-08-31
Barbarosas,4,1,-1,5,4,1,7,0,1,8,7,2022-07-02
aidinidi,5,2,22,4,26,0,8,0,0,8,8,2022-06-30
ALEX LIVAS,5,2,1,0,1,1,8,0,0,8,8,2024-01-10
Lemonia_Papadopoulou3,3,0,0,0,0,1,2,1,2,5,3,2024-02-23
EvriKarampa,2,1,0,0,0,0,3,2,3,8,5,2023-12-28
THodoris kit,5,2,0,0,0,0,8,0,0,8,8,2023-12-15
peraltamileniglennysmileni,5,2,0,0,0,1,7,0,1,8,7,2023-12-08
Sengo_Kechagia,5,2,-1,1,0,1,7,0,1,8,7,2023-11-24
WOLFNEZ,2,1,1,0,1,0,1,4,3,8,5,2023-10-22
GeorgeK69_,5,2,-3,3,0,0,7,0,1,8,7,2023-09-21
Xristos_Triantafillidis,1,2,-6,6,0,0,0,2,6,8,2,2023-09-02
James Galanes,5,2,1,1,2,0,8,0,0,8,8,2023-08-23
Nick_the_greek9077,5,2,2,1,3,0,8,0,0,8,8,2023-07-25
Styliarasath,5,2,1,1,2,1,8,0,0,8,8,2023-06-13
mihalis_rethymno,4,1,0,0,0,1,6,0,2,8,6,2023-05-27
nikpsrho,5,2,1,0,1,1,5,0,2,7,5,2023-05-23
mitsossam,5,2,4,1,5,1,7,0,1,8,7,2023-03-24
Giannis_Tsourouflis,4,1,-3,4,1,1,7,0,1,8,7,2023-02-21
bill.kavouras,5,2,2,0,2,0,8,0,0,8,8,2023-02-18
Sakis Kan.,5,2,5,0,5,1,7,0,0,7,7,2023-01-24
akismari,5,2,3,0,3,1,8,0,0,8,8,2023-01-22
CeejaySio,5,2,-1,2,1,1,8,0,0,8,8,2023-01-11
c0stakis,5,2,1,2,3,1,7,0,0,7,7,2022-12-11
Aris_Sfakianakis,5,2,3,1,4,1,8,0,0,8,8,2022-11-29
billykarako,3,0,-7,9,2,1,7,0,1,8,7,2022-11-21
dancing.aris,5,2,12,0,12,1,8,0,0,8,8,2022-10-27
GIWRGOS_KASP,4,1,9,0,9,1,6,0,2,8,6,2022-09-22
apostolos_liappis,3,0,7,4,11,0,8,0,0,8,8,2022-09-05
lupo1926,5,2,19,0,19,0,8,0,0,8,8,2022-08-27
nestorhatzi,4,1,11,1,12,0,7,0,1,8,7,2022-08-24
sak_iliad,5,2,1,0,1,0,8,0,0,8,8,2022-08-24
Gior_Gos,5,2,7,0,7,0,8,0,0,8,8,2022-08-13
Tonia93,5,2,2,0,2,0,7,0,1,8,7,2022-08-08
kkiryto,4,1,0,0,0,1,5,0,2,7,5,2024-03-12
info4634,3,0,1,2,3,1,4,0,1,5,4,2023-11-02
Χρήστος Μπαλτάσης,5,2,5,1,6,1,7,0,0,7,7,2023-04-23
Sakis_Sakis9730,1,2,-5,14,9,0,1,3,4,8,4,2023-03-24
TOLIOS_ATHANASIOS,3,0,0,3,3,1,3,0,5,8,3,2023-02-06
Dalsheel,5,2,10,1,11,1,7,0,1,8,7,2022-11-28
ChrisMammis,5,2,0,0,0,0,8,0,0,8,8,2024-01-08
diamantopoulosgr,3,0,-1,1,0,1,6,0,2,8,6,2023-12-06
Maria_Papa3389,1,2,0,2,2,0,0,3,5,8,3,2023-10-11
stampoulidougianna,1,2,-1,1,0,0,1,5,2,8,6,2023-09-13
giannis_real,2,1,1,0,1,0,1,5,2,8,6,2023-08-18
Eleni_Stathopoulou0512,4,1,0,0,0,1,6,1,1,8,7,2023-08-17
mariannasosi,3,0,1,0,1,0,4,0,4,8,4,2023-08-17
Dimitris_Makris14,3,0,5,0,5,1,5,1,2,8,6,2023-07-07
Andreas_Myros,5,2,-1,3,2,0,7,0,1,8,7,2023-07-02
Diomidis_Bris,3,0,5,1,6,0,3,2,3,8,5,2023-07-01
trox.jim,4,1,1,1,2,0,6,0,2,8,6,2023-05-20
mairoula_kapeni,4,1,-2,2,0,1,5,0,3,8,5,2023-05-17
_____________8165,5,2,5,2,7,0,8,0,0,8,8,2023-05-08
brio1980,5,2,-1,2,1,1,8,0,0,8,8,2023-05-02
Dimos_Mayrakis,4,1,1,1,2,1,7,0,0,7,7,2023-04-25
nickmak,4,1,-1,2,1,0,7,0,1,8,7,2023-04-22
APO CON,5,2,3,1,4,1,8,0,0,8,8,2023-04-11
peter3425,4,1,-1,1,0,0,6,0,2,8,6,2023-04-10
George_Arvanitis92,5,2,-2,2,0,1,6,0,2,8,6,2023-03-31
77giannil,5,2,4,1,5,1,8,0,0,8,8,2023-02-21
Eleni_THanou,4,1,1,4,5,1,7,0,0,7,7,2023-02-20
isisykaras,1,2,-5,10,5,1,3,3,2,8,6,2023-02-09
Νicole,3,0,1,1,2,1,3,2,3,8,5,2023-02-07
choccogirl16,3,0,3,1,4,0,2,1,4,7,3,2023-01-07
Grigoris_CHouliaras,4,1,2,1,3,0,6,0,2,8,6,2022-12-25
panagiotis_thivaios3620,1,2,-5,7,2,0,2,2,4,8,4,2022-12-25
vasolka82,4,1,2,1,3,0,7,0,1,8,7,2022-12-22
Panos_Papadopoulos62,4,1,0,2,2,0,7,0,1,8,7,2022-12-03
louloudis.giorgos,2,1,-1,1,0,0,2,0,6,8,2,2024-03-14
_marialena___bar_,4,1,-1,1,0,0,7,0,1,8,7,2024-02-23
Tasos_Koukoulis7166,5,2,0,2,2,0,8,0,0,8,8,2023-12-27
George_Outsios,5,2,2,1,3,0,8,0,0,8,8,2023-12-21
mousikaorgana,2,1,3,2,5,0,1,4,2,7,5,2023-12-14
vissarion51,3,0,3,0,3,0,6,0,2,8,6,2023-12-05
George_Zapantiotis9851,5,2,5,0,5,0,7,0,1,8,7,2023-12-05
skakrotty,1,2,-6,9,3,0,0,3,5,8,3,2023-12-03
stilllianos,1,2,-4,6,2,1,0,3,5,8,3,2023-11-23
pkottis,3,0,-6,7,1,0,6,0,2,8,6,2023-11-23
Dimitris Doxas,4,1,-1,2,1,0,7,0,1,8,7,2023-11-15
asteriahebeja99,4,1,-1,2,1,0,7,0,1,8,7,2023-10-24
aggelos_marinellis,5,2,4,1,5,0,6,0,0,6,6,2023-10-21
fengeros21,5,2,3,1,4,1,8,0,0,8,8,2023-10-18
Konstantinos_Seferlis,3,0,0,2,2,1,8,0,0,8,8,2023-10-17
Mr_Perfect,3,0,-1,1,0,1,5,0,3,8,5,2023-10-17
lambroskap,5,2,3,3,6,1,5,0,2,7,5,2023-09-22
Giorgios_Alexandros_Papaioanno,5,2,3,1,4,0,7,0,1,8,7,2023-09-17
vaghat,5,2,3,0,3,1,8,0,0,8,8,2023-09-10
kostas_karras3920,4,1,1,2,3,1,5,0,3,8,5,2023-09-06
Θεόδωρος Μπούτας,5,2,4,2,6,1,8,0,0,8,8,2023-08-27
Anna_Maria_K_,2,1,-1,3,2,0,2,3,3,8,5,2023-08-22
Annie_Mi,2,1,-3,5,2,0,1,0,7,8,1,2023-08-20
Stamatis1990,1,2,-5,7,2,0,2,5,1,8,7,2023-08-20
Stelios_Sakalis972,1,2,-7,12,5,1,0,3,5,8,3,2023-08-01
progressivemonter,2,1,-3,4,1,0,1,2,5,8,3,2023-07-30
mstelios_,5,2,5,0,5,0,6,0,2,8,6,2023-07-24
BILL5N13,5,2,11,2,13,0,6,0,2,8,6,2023-06-28
Grv12,5,2,2,0,2,0,7,0,1,8,7,2023-06-25
louloudis.giorgos,2,1,0,0,0,0,2,0,6,8,2,2024-03-14
Grv12,5,2,1,0,1,0,7,0,1,8,7,2023-06-25
Tasos_Koukoulis7166,5,2,1,1,2,0,8,0,0,8,8,2023-12-27
aathina4,4,1,0,0,0,1,4,0,4,8,4,2024-03-12
Leyteris_Tsiolakis8087,1,2,2,1,3,0,1,1,6,8,2,2024-03-07
v.tserkezis,4,1,-2,4,2,1,3,1,4,8,4,2024-02-27
Michael_Mob,4,1,0,1,1,1,6,0,2,8,6,2024-02-24
Stelaras7382,5,2,-2,3,1,0,8,0,0,8,8,2024-02-12
Chris_Stam,5,2,-1,2,1,1,7,0,1,8,7,2024-02-06
KYRIAKOS_KOSTIS8697,5,2,-1,2,1,1,8,0,0,8,8,2024-02-06
Stefanos_123,3,0,1,1,2,0,4,2,1,7,6,2024-02-02
sv8dtd,4,1,0,1,1,1,7,0,1,8,7,2024-01-09
Lampros_Karavias,4,1,2,2,4,1,8,0,0,8,8,2024-01-09
grspirosxxx,5,2,0,1,1,1,7,0,0,7,7,2024-01-09
zoe.xantho,4,1,2,1,3,0,7,1,0,8,8,2024-01-02
Spiross77,4,1,2,1,3,0,5,0,3,8,5,2023-12-31
AlexSy,4,1,1,2,3,1,8,0,0,8,8,2023-12-16
serebbi,5,2,7,1,8,1,7,0,0,7,7,2023-12-08
Paris_Gou,3,0,4,2,6,1,2,1,5,8,3,2023-12-05
keep_calm,2,1,-12,18,6,1,1,2,5,8,3,2023-11-30
[email protected],3,0,-1,5,4,1,5,0,3,8,5,2023-11-29
Pavlos_Tsiligaridis,5,2,18,2,20,1,8,0,0,8,8,2023-11-29
Vangelis_Lemonidis,4,1,4,0,4,1,7,0,0,7,7,2023-11-29
giorgos_giorgos9775,2,1,4,2,6,0,3,3,2,8,6,2023-11-25
koutxr,1,2,-3,8,5,0,0,6,2,8,6,2023-11-23
Hara_Gi,2,1,-2,8,6,0,2,3,0,5,5,2023-11-11
Kostas_Mp6552,4,1,1,0,1,1,6,0,2,8,6,2023-11-07
Aleka_P_,5,2,12,4,16,1,7,0,0,7,7,2023-10-27
DOXAS_SDOXA,4,1,4,1,5,1,2,0,6,8,2,2023-10-26
Dimitris_Sniaf,3,0,-2,8,6,0,2,4,2,8,6,2023-10-26
Sofia_Giannopoulou28,5,2,2,0,2,1,8,0,0,8,8,2023-10-25
User_1321!,5,2,1,2,3,0,6,0,2,8,6,2023-10-23
Leyteris_Tsiolakis8087,1,2,1,2,3,0,1,1,6,8,2,2024-03-07
Stelaras7382,5,2,-3,4,1,0,8,0,0,8,8,2024-02-12
Leyteris_Tsiolakis8087,1,2,1,1,2,0,1,1,6,8,2,2024-03-07
v.tserkezis,4,1,-3,4,1,1,3,1,4,8,4,2024-02-27
koutxr,1,2,-4,8,4,0,0,6,2,8,6,2023-11-23
kostasmoss,5,2,5,3,8,1,8,0,0,8,8,2023-10-11
v.tserkezis,4,1,-2,3,1,1,3,1,4,8,4,2024-02-27
Athena35,3,0,1,0,1,1,8,0,0,8,8,2024-03-05
GEORGIOS_GREZAS,4,1,0,0,0,0,5,1,2,8,6,2024-02-11
Stelios_Papadopoulos311,5,2,0,0,0,0,8,0,0,8,8,2024-02-11
Ippo_Soum,1,2,-2,2,0,0,1,5,2,8,6,2024-02-04
Πόπη Καλεμτζή,4,1,3,0,3,0,7,0,1,8,7,2024-01-24
JBPT_Bulbasar,4,1,1,0,1,0,5,0,3,8,5,2024-01-11
Gigt_Gt,4,1,1,0,1,1,3,1,4,8,4,2024-01-08
makis_zavos,5,2,3,0,3,1,8,0,0,8,8,2023-12-30
BaTTl3Tag,3,0,-1,1,0,1,5,3,0,8,8,2023-12-28
Pol_Kolokoussis,5,2,2,2,4,1,7,0,1,8,7,2023-12-19
John_Bean,2,1,0,0,0,0,5,3,0,8,8,2023-12-16
Domna_pan,1,2,-4,6,2,0,0,7,1,8,7,2023-12-15
loyxten,2,1,1,0,1,1,2,4,2,8,6,2023-12-06
Giannis_Ntegiannis,2,1,-1,6,5,0,1,0,3,4,1,2023-12-04
plytasv,1,2,-13,19,6,0,2,4,2,8,6,2023-12-02
Maria_Rapti2819,3,0,-11,15,4,0,3,1,4,8,4,2023-11-18
marthe0609,4,1,8,1,9,1,8,0,0,8,8,2023-11-17
Giorgos_Serlidakis,5,2,0,0,0,1,5,1,2,8,6,2023-11-14
Christos_Makou,5,2,1,1,2,1,7,0,1,8,7,2023-11-14
mariasolsar,4,1,2,1,3,1,4,2,2,8,6,2023-11-14
Kat_Kat8899,5,2,2,1,3,0,8,0,0,8,8,2023-11-07
NATASA_MOUT,5,2,6,2,8,1,8,0,0,8,8,2023-11-01
Michail_Vlachos,5,2,0,2,2,1,8,0,0,8,8,2023-11-01
panosiliadis96,4,1,3,0,3,1,5,0,3,8,5,2023-10-31
gogo_pssxou,5,2,1,7,8,0,8,0,0,8,8,2023-10-29
x_enia,1,2,-4,7,3,1,0,8,0,8,8,2023-10-26
Pant Taylor,2,1,3,2,5,0,4,4,0,8,8,2023-10-22
ΑΝΤΩΝΗΣ!,4,1,4,2,6,1,5,0,3,8,5,2023-10-10
georgiouaggelos,1,2,0,0,0,1,2,2,4,8,4,2024-03-14
georgefotiadis,3,0,-2,5,3,1,3,1,4,8,4,2024-01-06
Fotis_Sogiatis,3,0,-2,9,7,1,4,2,2,8,6,2023-10-17
skoraris,2,1,2,0,2,1,3,2,3,8,5,2023-10-10
Grigoris_Margaritis,5,2,14,3,17,0,6,0,2,8,6,2023-09-30
man_pap2328,1,2,-11,20,9,0,5,2,1,8,7,2023-08-23
The_phantom_gamer,3,0,-8,14,6,0,2,1,5,8,3,2023-08-05
Elias_Lag,4,1,8,3,11,0,5,0,3,8,5,2023-07-29
Stelioc1992,1,2,-5,14,9,0,2,4,2,8,6,2023-07-24
th3_ImpoSs1ble,4,1,-6,13,7,0,3,0,5,8,3,2023-05-26
Tony Stark GR,3,0,6,7,13,0,3,0,5,8,3,2023-05-17
faye_kap,3,0,14,9,23,0,0,0,0,0,0,2023-05-15
Aragorn600,4,1,9,3,12,1,6,0,2,8,6,2023-05-02
Grigoris_Margaritis,5,2,13,3,16,0,6,0,2,8,6,2023-09-30
Elias_Lag,4,1,7,3,10,0,5,0,3,8,5,2023-07-29
faye_kap,3,0,12,9,21,0,0,0,0,0,0,2023-05-15
faye_kap,3,0,13,9,22,0,0,0,0,0,0,2023-05-15
Panagiotis8711,4,1,0,0,0,1,5,0,3,8,5,2024-02-20
Ioanna_Bobolaki,3,0,1,0,1,1,1,4,3,8,5,2024-02-18
Ria_K_,3,0,1,0,1,1,5,2,1,8,7,2024-02-13
mpasxalhs274,5,2,0,0,0,1,5,0,2,7,5,2024-02-10
Filippas_Paterakis,3,0,1,0,1,1,4,1,1,6,5,2024-01-26
Maria_Karra4763,1,2,0,0,0,0,0,6,2,8,6,2024-01-15
aggeloshcr,5,2,6,1,7,0,6,0,0,6,6,2023-11-14
Eirini_Nik2860,3,0,0,0,0,1,5,1,2,8,6,2024-03-14
Giannis_Miniotis,5,2,0,1,1,1,8,0,0,8,8,2024-02-28
Panos_Sakalis_2000,3,0,2,0,2,0,6,0,1,7,6,2024-02-10
Efthimis_Kns,2,1,2,0,2,0,1,0,0,1,1,2024-01-30
1513524209,4,1,2,0,2,1,4,0,3,7,4,2024-01-20
Kyriakos123$,4,1,1,3,4,1,6,0,2,8,6,2024-01-09
Natasa_Geo,5,2,1,4,5,1,7,0,1,8,7,2024-01-09
vliorasah,4,1,1,0,1,1,7,0,0,7,7,2024-01-09
dimitriskrps,5,2,2,1,3,1,7,0,1,8,7,2024-01-09
Melina_M3126,3,0,-3,4,1,0,5,1,2,8,6,2024-01-07
Vasilis T.,5,2,1,1,2,1,8,0,0,8,8,2024-01-04
Stelios Rizos,5,2,7,1,8,1,6,1,1,8,7,2024-01-01
Angel_Pol,4,1,3,0,3,1,8,0,0,8,8,2023-12-26
[email protected],5,2,3,0,3,1,8,0,0,8,8,2023-12-26
Elpida_Elpida,3,0,4,0,4,1,7,0,1,8,7,2023-12-26
Angelos A.,4,1,2,0,2,1,7,0,1,8,7,2023-12-19
Dimitris_Bal27,5,2,3,1,4,1,8,0,0,8,8,2023-12-16
George Mpesios,5,2,4,0,4,0,7,0,1,8,7,2023-12-14
eleutheriask,2,1,-4,8,4,0,1,1,6,8,2,2023-12-09
cnc_gr,5,2,4,2,6,1,8,0,0,8,8,2023-11-21
KOSTOPOULOS_CHRISTOS,4,1,5,0,5,1,7,0,1,8,7,2023-11-21
Angelos_Drakopoulos,5,2,7,0,7,1,8,0,0,8,8,2023-11-15
Orfeas17,5,2,4,0,4,1,7,0,1,8,7,2023-11-14
mashinka70,4,1,1,0,1,1,7,0,1,8,7,2023-11-01
Theodoros_Pitikaris,5,2,0,5,5,1,8,0,0,8,8,2023-10-31
Papatzasgr,1,2,-29,34,5,1,3,2,3,8,5,2023-10-26
Alex_iord,4,1,0,2,2,1,7,0,1,8,7,2023-10-22
ecatodarcus,5,2,2,2,4,1,7,0,1,8,7,2023-10-20
Fotis_Tsek,5,2,4,0,4,1,7,0,0,7,7,2023-10-18
benedict.kapetanos,5,2,0,0,0,1,7,0,1,8,7,2024-02-24
gastone11,4,1,1,0,1,1,8,0,0,8,8,2024-02-01
papaioannou nikos,5,2,2,0,2,0,8,0,0,8,8,2024-01-31
Fragkia,5,2,2,0,2,1,8,0,0,8,8,2024-01-09
hombopoulos,4,1,1,0,1,1,7,0,1,8,7,2024-01-02
Nastia_Reina,5,2,1,0,1,1,8,0,0,8,8,2024-03-01
karvelis.chris,5,2,1,0,1,1,7,0,1,8,7,2024-02-22
Nikolaos_Misxos,5,2,6,0,6,0,8,0,0,8,8,2024-02-10
Giorgos_Lampris,5,2,5,0,5,1,8,0,0,8,8,2024-02-09
gmpeth,2,1,-5,10,5,1,3,2,3,8,5,2024-02-01
Vasilis_Kl,2,1,-10,14,4,0,6,1,1,8,7,2024-01-18
Antonis_Kourbatsos,5,2,9,2,11,1,8,0,0,8,8,2024-01-02
Lefteris_Paraskev,4,1,3,1,4,0,7,1,0,8,8,2024-01-01
_.xristos._,5,2,4,0,4,0,7,0,1,8,7,2023-12-26
nenadonna,3,0,0,5,5,1,2,0,6,8,2,2023-12-26
antonis_antonakis,5,2,2,0,2,0,7,0,1,8,7,2023-12-09
AndriannaP,4,1,8,3,11,1,6,1,1,8,7,2023-12-06
KONSTANTINOS_MPILIADERIS9914,5,2,2,0,2,0,8,0,0,8,8,2023-11-30
Koni_Karanastassis,4,1,-2,8,6,1,5,1,2,8,6,2023-11-11
Dennis_Simeoforidis,2,1,-1,10,9,1,0,3,5,8,3,2023-11-07
Deathx99,5,2,6,3,9,1,7,0,1,8,7,2023-10-24
Giota_Paraskeyopoulou5326,3,0,1,3,4,1,5,2,1,8,7,2023-10-20
flash25zip,5,2,9,1,10,0,8,0,0,8,8,2023-10-18
douvaras_55_gmail_com_DOUVARAS,4,1,4,1,5,1,7,0,1,8,7,2023-10-03
tinoulaman,4,1,6,2,8,0,7,0,1,8,7,2023-09-27
alexdim00,5,2,5,3,8,0,8,0,0,8,8,2023-09-24
ahladi,4,1,4,1,5,1,4,0,4,8,4,2023-09-23
AkisN,5,2,6,1,7,1,8,0,0,8,8,2023-09-19
Dimitris_Bouraz,3,0,2,7,9,0,5,1,2,8,6,2023-09-09
Jekonomos,4,1,9,1,10,1,7,1,0,8,8,2023-08-27
NikosDomanos_A,3,0,-12,21,9,1,4,3,1,8,7,2023-08-23
Jimaras_Warwick24,2,1,-21,25,4,1,2,2,4,8,4,2023-08-18
papaioannou nikos,5,2,1,0,1,0,8,0,0,8,8,2024-01-31
gmpeth,2,1,-4,9,5,1,3,2,3,8,5,2024-02-01
Vasilis_Kl,2,1,-9,13,4,0,6,1,1,8,7,2024-01-18
Antonis_Kourbatsos,5,2,9,2,11,1,8,0,0,8,8,2024-01-02
just for today,5,2,0,0,0,0,8,0,0,8,8,2024-03-16
GeoPsath,4,1,2,1,3,1,8,0,0,8,8,2024-03-14
kata_kal,4,1,5,0,5,1,6,0,2,8,6,2024-03-07
Stelios_Diskos,5,2,4,1,5,0,8,0,0,8,8,2024-03-06
just for today,5,2,2,0,2,0,8,0,0,8,8,2024-03-02
kostas_gr777,2,1,0,4,4,0,3,3,2,8,6,2024-02-25
Antonia_Sterianou,3,0,-5,5,0,0,5,1,2,8,6,2024-02-24
Komninos_Petrou,1,2,-5,7,2,0,0,7,1,8,7,2024-02-22
CHRISTINA_KYRIAKI7526,1,2,-10,14,4,0,1,3,4,8,4,2024-02-14
dionusia_agg080498!,2,1,-4,9,5,1,1,3,4,8,4,2024-02-11
Nick_F72,3,0,2,12,14,1,5,1,2,8,6,2024-02-03
Evangelos_Plageras,4,1,3,0,3,0,6,0,2,8,6,2024-01-22
Giorgos_Grivas12,4,1,-4,4,0,0,6,0,2,8,6,2024-01-16
John_DiFool88,3,0,-1,3,2,1,4,1,3,8,5,2024-01-14
Athanasios_Pitatzis,5,2,11,0,11,0,8,0,0,8,8,2024-01-09
woozakos,5,2,10,0,10,0,8,0,0,8,8,2024-01-09
Efthimis__Vis,4,1,6,1,7,1,6,0,2,8,6,2024-01-05
Katerina_Lambrou3264,4,1,9,1,10,1,7,0,1,8,7,2024-01-02
NoPan,5,2,1,0,1,1,5,0,0,5,5,2024-01-02
ChManolis,5,2,1,3,4,1,8,0,0,8,8,2024-01-01
Kacper_Furmanek,1,2,-9,15,6,0,1,3,2,6,4,2023-12-30
Miltos_Konstantinidis,4,1,6,0,6,1,7,0,1,8,7,2023-12-29
pitcoupe,2,1,0,0,0,0,5,1,2,8,6,2023-12-26
totoula_no,3,0,2,2,4,0,5,2,1,8,7,2023-12-26
statisrho,5,2,14,0,14,1,7,0,1,8,7,2023-12-26
panagiotis_mpalaskas,5,2,6,0,6,1,8,0,0,8,8,2023-12-26
Βασίλης Γκοτσούλιας,5,2,1,1,2,1,6,0,2,8,6,2023-12-25
GeoPsath,4,1,0,1,1,1,8,0,0,8,8,2024-03-14
kata_kal,4,1,4,0,4,1,6,0,2,8,6,2024-03-07
Stelios_Diskos,5,2,3,1,4,0,8,0,0,8,8,2024-03-06
GeoPsath,4,1,1,1,2,1,8,0,0,8,8,2024-03-14
John_DiFool88,3,0,-1,3,2,1,4,1,3,8,5,2024-01-14
IOANNIS_MITRAGKAS,5,2,3,1,4,0,8,0,0,8,8,2024-02-03
kostas_obscure,4,1,2,0,2,0,7,1,0,8,8,2024-01-25
andsk,5,2,0,0,0,1,7,0,1,8,7,2024-01-16
manolis21135,1,2,-13,13,0,0,0,4,4,8,4,2024-01-15
IOANNIS_Ioannis23,5,2,-3,4,1,0,8,0,0,8,8,2024-01-08
Kostas_Kouzi,1,2,-5,8,3,0,0,2,5,7,2,2024-01-05
kostas_tomp,3,0,1,2,3,0,6,0,2,8,6,2023-12-27
LodgeRoad,5,2,0,1,1,1,5,0,3,8,5,2023-12-20
Christos_Markou11,3,0,-1,2,1,1,5,0,3,8,5,2023-12-04
ICEMAN34,5,2,-6,8,2,1,6,0,0,6,6,2023-11-14
Frosso_Kokoliou,4,1,1,2,3,0,5,1,2,8,6,2023-11-01
hrisikos_ant,2,1,-10,14,4,0,3,2,3,8,5,2023-10-29
Nikos_Tsaggalas,5,2,5,5,10,1,8,0,0,8,8,2023-10-11
kostadinos10,5,2,14,1,15,0,8,0,0,8,8,2023-09-24
eos_pou,2,1,-9,23,14,0,2,2,3,7,4,2023-09-17
eleniip,5,2,7,0,7,0,8,0,0,8,8,2023-08-31
Antonis/techitnews,4,1,6,5,11,0,5,0,3,8,5,2023-08-26
Acryl Design,1,2,2,12,14,0,1,6,1,8,7,2023-07-23
maria_karamolegkou5935,2,1,8,5,13,0,3,2,3,8,5,2023-07-16
nmisetzis,1,2,12,5,17,0,4,3,1,8,7,2023-07-06
giorgos_pap45,5,2,9,5,14,0,8,0,0,8,8,2023-07-06
gianna_troullou,3,0,6,7,13,0,5,0,3,8,5,2023-07-05
Focus83,1,2,1,12,13,1,4,2,2,8,6,2023-06-18
Olga.jaguar,5,2,3,7,10,1,8,0,0,8,8,2023-06-08
iliaskapos,5,2,-13,21,8,1,0,0,0,0,0,2023-05-29
IOANNIS_MITRAGKAS,5,2,2,1,3,0,8,0,0,8,8,2024-02-03
kostas_obscure,4,1,1,0,1,0,7,1,0,8,8,2024-01-25
manolis21135,1,2,-9,9,0,0,0,4,4,8,4,2024-01-15
IOANNIS_Ioannis23,5,2,-4,4,0,0,8,0,0,8,8,2024-01-08
Kostas_Kouzi,1,2,-3,6,3,0,0,2,5,7,2,2024-01-05
M__T___Michael_,4,1,2,0,2,1,6,0,2,8,6,2024-03-11
Dimitrios.G,4,1,1,0,1,0,5,1,2,8,6,2024-03-11
mrio,4,1,1,0,1,1,7,0,1,8,7,2024-03-04
RAKUTEN VIKI,5,2,1,0,1,1,6,1,1,8,7,2024-02-29
manosdiamandidis,5,2,1,0,1,0,8,0,0,8,8,2024-02-24
Aggelos_Thimios,4,1,-5,8,3,0,6,2,0,8,8,2024-02-15
ReaperX,5,2,4,0,4,1,8,0,0,8,8,2024-02-13
dimos_yiot3885,4,1,0,0,0,0,3,1,4,8,4,2024-03-15
GNAS,3,0,1,0,1,1,5,0,3,8,5,2024-03-12
stavros.matsos,5,2,10,1,11,0,5,0,3,8,5,2024-02-25
dxmitra,4,1,20,8,28,1,7,0,1,8,7,2024-01-26
dimos_yiot3885,4,1,1,0,1,0,3,1,4,8,4,2024-03-15
stavros.matsos,5,2,9,1,10,0,5,0,3,8,5,2024-02-25
Apostolos_Pantoudis,5,2,0,0,0,1,8,0,0,8,8,2024-03-19
dimos_yiot3885,4,1,2,0,2,0,3,1,4,8,4,2024-03-15
GNAS,3,0,2,0,2,1,5,0,3,8,5,2024-03-12
stavros.matsos,5,2,11,1,12,0,5,0,3,8,5,2024-02-25
Dimitris_St_,4,1,0,1,1,0,6,0,2,8,6,2024-03-09
Antonis/techitnews,4,1,-4,6,2,0,6,0,2,8,6,2024-02-26
Dimitris_St_,4,1,1,0,1,0,6,0,2,8,6,2024-03-09
Antonis/techitnews,4,1,-3,5,2,0,6,0,2,8,6,2024-02-26
Smoking_Blades,4,1,10,1,11,0,7,0,1,8,7,2024-03-09
Leyteris_Tsiolakis8087,5,2,-1,4,3,0,7,0,1,8,7,2024-03-07
Konstantina_Gkotsi_Konstantina,3,0,-34,42,8,0,5,1,1,7,6,2024-03-05
tzef22,5,2,31,3,34,1,8,0,0,8,8,2024-02-29
Bill_4940,5,2,11,2,13,1,8,0,0,8,8,2024-02-28
Afroditi_1996,5,2,1,0,1,0,7,0,1,8,7,2024-02-23
LAZANIA,5,2,3,9,12,0,8,0,0,8,8,2024-02-18
dragonball,5,2,0,4,4,1,8,0,0,8,8,2024-02-17
BGPVirus,5,2,8,10,18,0,7,0,1,8,7,2024-02-11
Liakosdj_Mike,5,2,41,0,41,1,8,0,0,8,8,2024-02-01
VassilisK,5,2,39,3,42,0,7,0,1,8,7,2024-01-30
niki_tz7,1,2,-5,7,2,1,0,5,3,8,5,2024-03-18
G1anak1s,5,2,8,2,10,1,8,0,0,8,8,2024-03-14
$hinigami,5,2,7,1,8,1,7,0,0,7,7,2024-03-14
Miltos_Metaxas,5,2,11,2,13,0,6,0,2,8,6,2024-03-03
mirmiliotis,5,2,-10,13,3,0,7,0,1,8,7,2024-02-29
maria_taka309,4,1,-9,17,8,1,7,1,0,8,8,2024-02-28
thes_sa,4,1,4,4,8,0,7,0,1,8,7,2024-02-27
Kostis_Apostolakis42,5,2,3,5,8,1,8,0,0,8,8,2024-02-24
NIIOLAOS_MPATZAKIS,4,1,-92,100,8,1,7,1,0,8,8,2024-02-21
orestis mokas,5,2,37,3,40,1,8,0,0,8,8,2024-02-18
Anni_CHatzigergiou__Anni_,5,2,8,1,9,1,8,0,0,8,8,2024-02-18
IRO_FLEMETAKI,4,1,13,4,17,0,7,0,1,8,7,2024-02-17
ntinakintz,5,2,18,5,23,0,8,0,0,8,8,2024-02-16
Smias,5,2,15,6,21,0,8,0,0,8,8,2024-02-11
Smoking_Blades,4,1,11,1,12,0,7,0,1,8,7,2024-03-09
Konstantina_Gkotsi_Konstantina,3,0,-35,43,8,0,5,1,1,7,6,2024-03-05
tzef22,5,2,32,3,35,1,8,0,0,8,8,2024-02-29
Bill_4940,5,2,13,2,15,1,8,0,0,8,8,2024-02-28
Liakosdj_Mike,5,2,42,0,42,1,8,0,0,8,8,2024-02-01
VassilisK,5,2,40,3,43,0,7,0,1,8,7,2024-01-30
Leyteris_Tsiolakis8087,5,2,-2,5,3,0,7,0,1,8,7,2024-03-07
Konstantina_Gkotsi_Konstantina,3,0,-36,44,8,0,5,1,1,7,6,2024-03-05
Bill_4940,5,2,12,3,15,1,8,0,0,8,8,2024-02-28
Afroditi_1996,5,2,1,1,2,0,7,0,1,8,7,2024-02-23
LAZANIA,5,2,2,10,12,0,8,0,0,8,8,2024-02-18
dragonball,5,2,-1,5,4,1,8,0,0,8,8,2024-02-17
BGPVirus,5,2,7,11,18,0,7,0,1,8,7,2024-02-11
niki_tz7,1,2,-1,2,1,1,0,5,3,8,5,2024-03-18
G1anak1s,5,2,5,2,7,1,8,0,0,8,8,2024-03-14
$hinigami,5,2,6,1,7,1,7,0,0,7,7,2024-03-14
tsafos1983,2,1,-59,65,6,0,3,2,3,8,5,2024-03-01
NIIOLAOS_MPATZAKIS,4,1,-90,98,8,1,7,1,0,8,8,2024-02-21
niki_tz7,1,2,-2,3,1,1,0,5,3,8,5,2024-03-18
G1anak1s,5,2,4,0,4,1,8,0,0,8,8,2024-03-14
$hinigami,5,2,3,1,4,1,7,0,0,7,7,2024-03-14
mirmiliotis,5,2,-7,10,3,0,7,0,1,8,7,2024-02-29
maria_taka309,4,1,-7,15,8,1,7,1,0,8,8,2024-02-28
thes_sa,4,1,5,3,8,0,7,0,1,8,7,2024-02-27
Kostis_Apostolakis42,5,2,4,4,8,1,8,0,0,8,8,2024-02-24
NIIOLAOS_MPATZAKIS,4,1,-87,95,8,1,7,1,0,8,8,2024-02-21
vegos,5,2,0,0,0,1,6,0,0,6,6,2024-03-18
Panos rts,3,0,-21,21,0,0,4,1,3,8,5,2024-03-09
dimitris.stefanidis.35,4,1,-6,7,1,1,6,0,2,8,6,2024-03-01
elenikouma,4,1,10,0,10,0,8,0,0,8,8,2024-02-03
pkarl66,5,2,17,2,19,0,7,0,1,8,7,2024-02-02
Panos rts,3,0,-14,14,0,0,4,1,3,8,5,2024-03-09
dimitris.stefanidis.35,4,1,-3,4,1,1,6,0,2,8,6,2024-03-01
elenikouma,4,1,9,0,9,0,8,0,0,8,8,2024-02-03
pkarl66,5,2,15,2,17,0,7,0,1,8,7,2024-02-02
stellarin33,5,2,0,0,0,0,6,0,2,8,6,2024-02-10
kalamarias077,5,2,0,0,0,0,8,0,0,8,8,2024-01-25
Jimos_Yo,4,1,1,0,1,0,2,2,4,8,4,2023-12-29
Sofia_Me_lene,4,1,0,0,0,0,0,0,0,0,0,2023-12-14
Manoj_Mehmi2008,5,2,0,0,0,0,4,0,3,7,4,2023-11-08
giannoulis_gaming,5,2,2,0,2,0,8,0,0,8,8,2023-10-21
Athina_Apostolidou3723,4,1,4,0,4,0,6,0,2,8,6,2023-09-11
user_123124,5,2,2,0,2,0,4,0,4,8,4,2023-08-07
eleniip,2,1,1,2,3,0,2,3,3,8,5,2023-08-02
Giannis_Makris,5,2,2,0,2,0,2,0,6,8,2,2023-07-04
Tzina_Giwtidou,3,0,-1,2,1,0,0,3,4,7,3,2023-05-15
rbousdoukou13,5,2,2,0,2,0,8,0,0,8,8,2023-04-18
vilonea,5,2,1,0,1,0,7,0,1,8,7,2023-04-16
CHristina_Koutsourelaki184,4,1,1,0,1,0,4,0,4,8,4,2022-12-19
theofana40,3,0,5,0,5,0,2,2,4,8,4,2022-11-03
maria_dem3027,5,2,0,0,0,0,8,0,0,8,8,2022-10-02
cmitak,4,1,-1,1,0,0,6,1,1,8,7,2022-09-20
Ιάκωβος Τ.,4,1,-2,2,0,0,5,0,3,8,5,2022-09-03
ermir_alliu,4,1,0,2,2,0,7,0,1,8,7,2022-09-03
Aphrodite_Scarpa,4,1,2,0,2,1,6,0,2,8,6,2022-08-30
john areys,2,1,-3,3,0,0,3,1,4,8,4,2022-08-19
Georgia_Gem,4,1,0,1,1,0,4,0,3,7,4,2022-07-27
Ioanna_Pantouli,5,2,0,0,0,0,6,0,2,8,6,2022-07-24
Rik_Ta_pino,4,1,2,0,2,1,8,0,0,8,8,2022-07-19
business_man,5,2,1,1,2,0,6,0,2,8,6,2022-07-11
Maria_Neti,1,2,-2,6,4,0,0,5,3,8,5,2022-07-04
Kostas_Kikis,5,2,0,1,1,0,8,0,0,8,8,2022-07-04
dionisiszizos,3,0,-1,2,1,0,8,0,0,8,8,2022-06-28
Sofia_Me_lene,4,1,1,0,1,0,0,0,0,0,0,2023-12-14
Babis Laios,4,1,0,0,0,0,4,0,4,8,4,2023-11-27
singx23,4,1,0,0,0,0,5,0,3,8,5,2023-09-02
Giannis_Sp76,5,2,0,0,0,0,8,0,0,8,8,2023-08-29
THodoris433,3,0,1,0,1,0,5,0,3,8,5,2023-07-24
Akis_Deejay,5,2,-1,1,0,0,7,0,1,8,7,2023-07-20
HarisTzi,4,1,2,0,2,0,8,0,0,8,8,2023-07-15
Maria_Kryoneriti,4,1,1,0,1,1,7,0,1,8,7,2023-07-01
rushermixer5sosfam,1,2,1,0,1,0,2,0,4,6,2,2023-06-27
DIMITRAras_v,3,0,2,0,2,1,2,2,4,8,4,2023-06-20
giorgostrikala94,5,2,4,0,4,0,8,0,0,8,8,2023-01-20
Viky_Pantazatou,5,2,3,2,5,0,6,0,2,8,6,2022-10-30
Lesya_Semkiv__AlexSyoma_,5,2,4,0,4,0,8,0,0,8,8,2022-09-26
alexathana13,5,2,6,0,6,0,8,0,0,8,8,2022-09-06
Rhea_Tarta,3,0,2,1,3,0,4,1,3,8,5,2022-08-31
Evil_Maniagr,1,2,2,4,6,0,3,4,1,8,7,2022-04-15
panosabaras,4,1,3,2,5,0,6,0,2,8,6,2022-01-21
Fay_Andrianou,1,2,1,10,11,1,2,5,1,8,7,2022-01-06
Μιχαλης φαλαλακης,5,2,9,0,9,0,7,0,1,8,7,2021-11-19
dion_kasm,4,1,0,8,8,1,6,0,2,8,6,2021-09-28
Viktoriya_Dunioti,5,2,16,0,16,1,8,0,0,8,8,2021-09-10
Maria_Iliadi65,5,2,16,2,18,0,8,0,0,8,8,2021-08-23
Teod@@,4,1,6,3,9,0,6,0,2,8,6,2021-08-17
toi.moi.83,2,1,2,9,11,0,3,1,2,6,4,2021-08-10
fgphotoart,4,1,6,6,12,0,5,0,3,8,5,2021-08-04
Myron_Marketakis,4,1,-3,11,8,0,5,0,3,8,5,2021-07-24
Dimitris_Skenderas,3,0,0,0,0,0,1,0,5,6,1,2023-08-17
Themis_Avlonitis,1,2,-9,10,1,0,2,3,3,8,5,2022-09-24
Nik_Papas9887,1,2,4,2,6,0,0,6,2,8,6,2021-12-08
Jim_GTX_3071_Gen_2,5,2,3,1,4,0,7,0,1,8,7,2023-12-14
Panagiotis106,1,2,1,0,1,0,4,4,0,8,8,2022-02-10
Stefanos Bats.,1,2,3,0,3,1,1,3,4,8,4,2021-10-30
Marina_Forotzidou,2,1,-1,2,1,0,2,4,2,8,6,2021-03-14
koles1973,2,1,2,0,2,0,4,4,0,8,8,2020-12-15
koles1973,1,2,2,0,2,0,0,5,3,8,5,2020-10-11
